0 0.015312 0.525968 0.030625 0.079320
0 0.026875 0.782814 0.053750 0.103872
0 0.030000 0.954674 0.060000 0.088763
0 0.035625 0.603400 0.071250 0.075543
0 0.021563 0.679886 0.038125 0.073655
0 0.041875 0.429650 0.061250 0.064211
0 0.047813 0.301700 0.065625 0.051936
0 0.065312 0.679414 0.076875 0.110481
0 0.068437 0.873466 0.070625 0.092541
0 0.072188 0.547215 0.068125 0.110481
0 0.065625 0.489613 0.042500 0.051936
0 0.091875 0.776676 0.068750 0.116148
0 0.095312 0.945231 0.075625 0.081209
0 0.087500 0.265817 0.040000 0.057602
0 0.116875 0.595845 0.065000 0.079320
0 0.112500 0.321057 0.043750 0.064211
0 0.125625 0.511803 0.055000 0.077431
0 0.133750 0.864967 0.060000 0.098206
0 0.140625 0.679887 0.068750 0.088763
0 0.139063 0.274315 0.025625 0.040605
0 0.155000 0.572710 0.051250 0.070822
0 0.169375 0.933900 0.065000 0.081208
0 0.163125 0.441926 0.042500 0.073655
0 0.171875 0.744098 0.055000 0.088763
0 0.164375 0.325779 0.037500 0.062323
0 0.187500 0.501416 0.060000 0.075543
0 0.199063 0.844665 0.068125 0.093484
0 0.196875 0.662890 0.058750 0.084985
0 0.183438 0.283286 0.024375 0.047214
0 0.212188 0.331917 0.035625 0.038716
0 0.225625 0.919264 0.060000 0.110481
0 0.230312 0.726629 0.061875 0.089708
0 0.227500 0.457507 0.048750 0.046270
0 0.218125 0.293202 0.023750 0.023607
0 0.234375 0.590179 0.046250 0.071766
0 0.244375 0.508970 0.046250 0.083097
0 0.254063 0.647781 0.058125 0.079320
0 0.265313 0.837110 0.073125 0.108593
0 0.260313 0.330029 0.036875 0.034939
0 0.257812 0.288008 0.026875 0.013220
0 0.272500 0.451841 0.038750 0.057601
0 0.293125 0.715769 0.051250 0.075543
0 0.287187 0.582153 0.036875 0.051936
0 0.288438 0.491502 0.034375 0.095373
0 0.296875 0.892823 0.048750 0.104816
0 0.306562 0.339471 0.044375 0.057602
0 0.310625 0.640227 0.047500 0.064211
0 0.324375 0.816808 0.065000 0.090651
0 0.315625 0.447120 0.042500 0.029273
0 0.334688 0.381964 0.058125 0.057602
0 0.343750 0.586874 0.042500 0.050047
0 0.346875 0.524080 0.048750 0.086875
0 0.351250 0.720491 0.057500 0.077432
0 0.354375 0.881492 0.058750 0.068932
0 0.359062 0.339471 0.049375 0.057602
0 0.364375 0.646365 0.045000 0.063267
0 0.365625 0.444759 0.042500 0.060434
0 0.378750 0.797922 0.053750 0.092541
0 0.379688 0.386686 0.031875 0.055713
0 0.387813 0.581208 0.030625 0.061379
0 0.399375 0.710103 0.046250 0.075543
0 0.407500 0.439093 0.050000 0.071765
0 0.412813 0.650142 0.056875 0.099150
0 0.410312 0.333806 0.044375 0.046271
0 0.426875 0.528801 0.035000 0.066100
0 0.430312 0.395656 0.038125 0.084986
0 0.437188 0.691690 0.029375 0.031161
0 0.447500 0.590179 0.042500 0.071766
0 0.457813 0.423513 0.041875 0.051936
0 0.471250 0.635505 0.046250 0.058546
0 0.470625 0.541548 0.042500 0.063267
0 0.493437 0.593956 0.026875 0.075543
0 0.769688 0.466950 0.043125 0.046270
0 0.772188 0.520303 0.030625 0.056657
0 0.786875 0.553352 0.040000 0.052880
0 0.802500 0.511331 0.037500 0.042493
0 0.817187 0.469311 0.038125 0.058546
0 0.817187 0.593956 0.038125 0.041549
0 0.823438 0.561851 0.033125 0.069877
0 0.852500 0.561379 0.045000 0.036827
0 0.844688 0.530217 0.021875 0.040604
0 0.853750 0.599150 0.035000 0.042493
0 0.853437 0.494334 0.026875 0.061379