0 0.083437 0.714583 0.089375 0.125833
0 0.132500 0.671250 0.130000 0.170834
0 0.153750 0.439167 0.087500 0.160000
0 0.211250 0.561250 0.127500 0.160834
0 0.192500 0.827083 0.072500 0.124167
0 0.215000 0.435417 0.073750 0.112500
0 0.265000 0.832500 0.085000 0.123334
0 0.295313 0.915417 0.125625 0.124167
0 0.299375 0.489166 0.076250 0.108333
0 0.309688 0.617084 0.096875 0.134167
0 0.368750 0.705000 0.083750 0.123334
0 0.428438 0.466250 0.089375 0.122500
0 0.425625 0.858333 0.081250 0.123333
0 0.458437 0.718750 0.093125 0.114166
0 0.599687 0.749583 0.136875 0.185833
0 0.655000 0.580417 0.138750 0.182500
0 0.737500 0.812500 0.162500 0.208334