0 0.013750 0.854120 0.018750 0.026726
0 0.014375 0.816258 0.020000 0.048998
0 0.019688 0.782294 0.030625 0.047884
0 0.038125 0.831291 0.027500 0.067929
0 0.035625 0.756682 0.016250 0.056793
0 0.070938 0.907572 0.023125 0.037862
0 0.068125 0.940423 0.012500 0.027840
0 0.072188 0.760022 0.010625 0.036748
0 0.080313 0.732183 0.026875 0.047884
0 0.100312 0.823497 0.023125 0.047884
0 0.114375 0.918152 0.010000 0.036749
0 0.130937 0.836859 0.023125 0.034521
0 0.139062 0.940423 0.024375 0.027840
0 0.141250 0.811247 0.028750 0.043430
0 0.149688 0.880289 0.034375 0.043429
0 0.157187 0.835746 0.026875 0.050112
0 0.178437 0.920378 0.054375 0.054565
0 0.173437 0.977172 0.030625 0.027839
0 0.198437 0.855791 0.034375 0.036749
0 0.199063 0.818485 0.035625 0.028953
0 0.212500 0.979399 0.040000 0.036748
0 0.213438 0.896993 0.026875 0.063474
0 0.238437 0.831291 0.023125 0.041203
0 0.260313 0.908686 0.033125 0.055680
0 0.266250 0.847996 0.032500 0.047885
0 0.270000 0.955457 0.030000 0.053453
0 0.296250 0.969933 0.031250 0.057906
0 0.293125 0.883630 0.021250 0.045657
0 0.313438 0.853564 0.026875 0.054565
0 0.324063 0.903675 0.029375 0.045657
0 0.325937 0.959911 0.028125 0.062361
0 0.352187 0.873608 0.026875 0.043430
0 0.382188 0.845769 0.023125 0.065701
0 0.395313 0.908686 0.026875 0.055680
0 0.423125 0.933742 0.031250 0.041203
0 0.429688 0.868597 0.035625 0.062361
0 0.437188 0.973831 0.040625 0.034521
0 0.446250 0.842428 0.031250 0.059020
0 0.467812 0.941536 0.035625 0.052339
0 0.475625 0.833519 0.033750 0.041202
0 0.482187 0.876949 0.038125 0.045657
0 0.494687 0.976058 0.025625 0.030066
0 0.497500 0.798998 0.015000 0.027840
0 0.510312 0.844655 0.035625 0.041203
0 0.512813 0.952116 0.038125 0.051225
0 0.519688 0.900334 0.031875 0.056792
0 0.541562 0.980513 0.041875 0.034521
0 0.540937 0.932628 0.035625 0.047884
0 0.548750 0.825723 0.036250 0.056793
0 0.550625 0.865256 0.032500 0.055680
0 0.560312 0.970490 0.035625 0.041202
0 0.585313 0.928173 0.036875 0.038975
0 0.582812 0.879176 0.026875 0.067928
0 0.586562 0.815145 0.034375 0.035635
0 0.605000 0.962695 0.053750 0.038976
0 0.610938 0.860801 0.026875 0.055679
0 0.612187 0.918152 0.029375 0.063475
0 0.615312 0.822384 0.023125 0.045657
0 0.640313 0.948218 0.026875 0.038976
0 0.648750 0.859688 0.036250 0.057906
0 0.681875 0.844655 0.038750 0.041203
0 0.707500 0.783408 0.038750 0.054565
0 0.726562 0.797884 0.030625 0.043430
0 0.762188 0.757238 0.060625 0.082405
0 0.765938 0.818485 0.036875 0.024499
0 0.807500 0.816258 0.038750 0.048998
0 0.831250 0.777839 0.037500 0.052339