0 0.190625 0.270000 0.145000 0.153334
0 0.250625 0.766250 0.115000 0.090834
0 0.246875 0.156667 0.093750 0.095000
0 0.286250 0.337500 0.162500 0.091666
0 0.329062 0.749166 0.061875 0.056667
0 0.330000 0.797917 0.033750 0.030833
0 0.385000 0.345000 0.120000 0.148334
0 0.425000 0.767083 0.146250 0.092500
0 0.507812 0.326250 0.174375 0.114166
0 0.517500 0.202916 0.123750 0.115833
0 0.590625 0.780833 0.158750 0.103333
0 0.594375 0.257084 0.073750 0.120833
0 0.696250 0.123750 0.086250 0.087500
0 0.710000 0.772083 0.080000 0.062500
0 0.717500 0.204583 0.082500 0.077500
0 0.771875 0.337917 0.128750 0.134167
0 0.778438 0.172917 0.093125 0.082500
0 0.813438 0.775834 0.139375 0.061667
0 0.828125 0.277083 0.115000 0.180833
0 0.938438 0.345417 0.120625 0.142500