0 0.127188 0.651970 0.058125 0.080676
0 0.149688 0.525798 0.069375 0.102251
0 0.156875 0.397280 0.052500 0.098499
0 0.168125 0.601313 0.040000 0.071295
0 0.187188 0.691370 0.070625 0.075047
0 0.195000 0.363509 0.052500 0.068481
0 0.198750 0.470919 0.060000 0.073171
0 0.221875 0.563790 0.060000 0.076923
0 0.241250 0.439493 0.060000 0.090995
0 0.252812 0.636491 0.075625 0.092871
0 0.253125 0.704034 0.046250 0.023452
0 0.277813 0.495309 0.066875 0.097561
0 0.285312 0.370075 0.066875 0.102252
0 0.294375 0.573171 0.061250 0.103189
0 0.304688 0.681051 0.059375 0.091933
0 0.333437 0.704972 0.053125 0.025328
0 0.332812 0.541276 0.038125 0.086304
0 0.343750 0.390713 0.057500 0.107880
0 0.350625 0.485929 0.048750 0.090056
0 0.369063 0.661351 0.073125 0.084428
0 0.386563 0.573171 0.076875 0.091932
0 0.401250 0.705910 0.057500 0.034710
0 0.403750 0.477955 0.050000 0.098500
0 0.417813 0.380863 0.070625 0.103190
0 0.432813 0.652439 0.069375 0.115384
0 0.458437 0.545966 0.059375 0.084428
0 0.453125 0.319418 0.046250 0.092871
0 0.460313 0.461539 0.036875 0.058161
0 0.504063 0.484053 0.073125 0.086304
0 0.499375 0.399156 0.061250 0.113508
0 0.508437 0.605066 0.066875 0.097561
0 0.510938 0.688555 0.069375 0.080675
0 0.521875 0.529081 0.055000 0.061913
0 0.620313 0.620075 0.034375 0.075046
0 0.627500 0.530018 0.048750 0.097561
0 0.631563 0.714353 0.033125 0.109756
0 0.645625 0.343340 0.061250 0.108818
0 0.648750 0.450750 0.062500 0.113509
0 0.679375 0.598030 0.060000 0.089118
0 0.681875 0.705910 0.065000 0.115384
0 0.702500 0.513602 0.062500 0.104128
0 0.718750 0.408068 0.053750 0.073171
0 0.746563 0.711538 0.071875 0.092871
0 0.740938 0.468574 0.046875 0.102252
0 0.755000 0.369606 0.050000 0.069418
0 0.788750 0.524390 0.061250 0.103190
0 0.786875 0.424015 0.040000 0.086304
0 0.789062 0.709663 0.028125 0.092871
0 0.800000 0.592402 0.042500 0.060975
0 0.817813 0.655722 0.036875 0.084428
0 0.830625 0.335835 0.057500 0.093808
0 0.828750 0.462476 0.046250 0.090057
0 0.848437 0.705441 0.063125 0.080676
0 0.852500 0.542214 0.045000 0.069418
0 0.872188 0.621013 0.045625 0.065666
0 0.888125 0.378049 0.050000 0.063790
0 0.902813 0.453096 0.069375 0.086304
0 0.917188 0.528143 0.069375 0.086304
0 0.908750 0.709662 0.042500 0.068480
0 0.923437 0.602720 0.064375 0.109756
0 0.960938 0.737336 0.076875 0.086304
0 0.957187 0.524390 0.026875 0.075047
0 0.972187 0.669325 0.054375 0.045967
0 0.967812 0.611632 0.031875 0.058161