0 0.025937 0.134167 0.051875 0.140000
0 0.035625 0.700833 0.071250 0.170000
0 0.058750 0.868750 0.117500 0.185834
0 0.052813 0.332084 0.095625 0.164167
0 0.068125 0.077084 0.120000 0.119167
0 0.109063 0.587916 0.133125 0.179167
0 0.109687 0.218333 0.131875 0.153333
0 0.133125 0.959584 0.147500 0.079167
0 0.142813 0.760833 0.120625 0.166667
0 0.152500 0.362084 0.123750 0.134167
0 0.165938 0.900417 0.089375 0.135833
0 0.179375 0.118333 0.116250 0.150000
0 0.197188 0.257917 0.089375 0.129167
0 0.225313 0.670833 0.130625 0.151667
0 0.248750 0.490833 0.117500 0.160000
0 0.242813 0.405417 0.095625 0.082500
0 0.263437 0.896250 0.131875 0.175834
0 0.277813 0.302916 0.119375 0.160833
0 0.272188 0.056667 0.099375 0.108333
0 0.291250 0.165000 0.117500 0.140000
0 0.331562 0.742084 0.135625 0.160833
0 0.346875 0.568333 0.112500 0.160000
0 0.346250 0.933750 0.092500 0.127500
0 0.357812 0.404583 0.108125 0.145833
0 0.389375 0.093750 0.112500 0.134166
0 0.388437 0.011667 0.101875 0.023333
0 0.390313 0.251250 0.103125 0.149166
0 0.438750 0.886667 0.107500 0.140000
0 0.446875 0.978750 0.108750 0.040834
0 0.455937 0.732500 0.105625 0.158334
0 0.461875 0.349584 0.107500 0.129167
0 0.467500 0.490833 0.113750 0.160000
0 0.457813 0.197917 0.091875 0.112500
0 0.469687 0.076250 0.084375 0.117500
0 0.595625 0.960417 0.090000 0.077500
0 0.617500 0.823750 0.131250 0.185834
0 0.607187 0.327916 0.105625 0.175833
0 0.606563 0.086666 0.096875 0.138333
0 0.622812 0.609167 0.126875 0.150000
0 0.662187 0.220834 0.143125 0.161667
0 0.687500 0.464166 0.128750 0.178333
0 0.690000 0.080417 0.116250 0.160833
0 0.710000 0.722916 0.125000 0.129167
0 0.733125 0.973334 0.168750 0.051667
0 0.700313 0.341667 0.066875 0.061667
0 0.738437 0.887500 0.128125 0.168334
0 0.835313 0.020834 0.283125 0.041667
0 0.738437 0.315834 0.065625 0.071667
0 0.784687 0.613750 0.143125 0.199166
0 0.771250 0.396666 0.077500 0.141667
0 0.816250 0.070833 0.118750 0.141667
0 0.849375 0.460833 0.153750 0.155000
0 0.853125 0.776250 0.146250 0.187500
0 0.866875 0.946667 0.150000 0.101667
0 0.861563 0.314167 0.124375 0.161667
0 0.882812 0.857500 0.128125 0.140000
0 0.899687 0.169583 0.130625 0.189167
0 0.900312 0.605000 0.108125 0.155000
0 0.957500 0.483750 0.083750 0.200834
0 0.954063 0.337917 0.063125 0.124167
0 0.955937 0.727500 0.059375 0.138334
0 0.966562 0.954584 0.065625 0.089167
0 0.969375 0.827917 0.060000 0.135833
0 0.979062 0.611250 0.040625 0.074166
0 0.984687 0.705834 0.029375 0.098333