0 0.104004 0.116537 0.208008 0.233073
0 0.126953 0.324870 0.146484 0.147136
0 0.281738 0.246094 0.239258 0.304688
0 0.307129 0.427734 0.174804 0.110677
0 0.289062 0.068360 0.042969 0.087239
0 0.399414 0.080729 0.193360 0.161458
0 0.482422 0.277344 0.177734 0.273437
0 0.451660 0.431641 0.114258 0.076823
0 0.608398 0.120442 0.201172 0.240885
0 0.645020 0.672526 0.075195 0.069010
0 0.727539 0.716146 0.097656 0.091146
0 0.739746 0.593099 0.114258 0.157552
0 0.790528 0.679037 0.057617 0.118489
0 0.828613 0.639323 0.079102 0.106770
0 0.866699 0.602864 0.094726 0.104167
0 0.903809 0.557292 0.081055 0.119792