0 0.073125 0.788750 0.070000 0.087500
0 0.126563 0.742917 0.055625 0.047500
0 0.128437 0.810000 0.059375 0.086666
0 0.136563 0.898750 0.056875 0.087500
0 0.152813 0.713750 0.058125 0.072500
0 0.185937 0.795417 0.058125 0.077500
0 0.188125 0.877084 0.062500 0.089167
0 0.189375 0.935834 0.053750 0.031667
0 0.215938 0.734583 0.060625 0.082500
0 0.245000 0.912917 0.048750 0.077500
0 0.252500 0.842917 0.036250 0.062500
0 0.257188 0.792084 0.034375 0.080833
0 0.368437 0.812500 0.058125 0.091666
0 0.398750 0.888333 0.070000 0.098333
0 0.403125 0.959166 0.066250 0.066667
0 0.429063 0.816250 0.055625 0.067500
0 0.461875 0.886667 0.048750 0.066667
0 0.473437 0.937500 0.056875 0.071666
0 0.489062 0.831666 0.033125 0.066667
0 0.522813 0.905416 0.061875 0.084167
0 0.553438 0.886250 0.053125 0.075834