0 0.327344 0.626562 0.139063 0.125000
0 0.156250 0.560156 0.059374 0.095313
0 0.271875 0.309375 0.165625 0.103126
0 0.227343 0.621875 0.051563 0.037500
0 0.251562 0.580469 0.037500 0.048438
0 0.310156 0.510157 0.092188 0.092187
0 0.377344 0.314844 0.079688 0.079688
0 0.397656 0.545312 0.073437 0.075000
0 0.456250 0.246875 0.137500 0.075000
0 0.473438 0.171094 0.100000 0.070313
0 0.477344 0.496094 0.076562 0.057813
0 0.489063 0.364063 0.090625 0.075001
0 0.550781 0.423437 0.148438 0.087500
0 0.542969 0.593750 0.067188 0.075000
0 0.580469 0.543750 0.114062 0.068750
0 0.570312 0.039062 0.090625 0.059375
0 0.621093 0.458593 0.104687 0.089063
0 0.614844 0.299219 0.073438 0.123438
0 0.632812 0.114062 0.090625 0.106249
0 0.626563 0.582031 0.074999 0.064062
0 0.694531 0.275000 0.042188 0.084375
0 0.721875 0.101563 0.031250 0.087500
0 0.748437 0.314062 0.074999 0.087500
0 0.746093 0.466407 0.048437 0.126563
0 0.810937 0.277344 0.043750 0.070312