0 0.025313 0.411351 0.041875 0.049718
0 0.165000 0.470451 0.065000 0.098499
0 0.168750 0.549249 0.055000 0.051595
0 0.170312 0.944184 0.024375 0.060976
0 0.214375 0.513602 0.056250 0.092870
0 0.246250 0.762664 0.038750 0.071294
0 0.271562 0.939493 0.026875 0.059099
0 0.317812 0.523921 0.023125 0.044090
0 0.359063 0.980300 0.069375 0.037524
0 0.365000 0.462476 0.062500 0.101313
0 0.475000 0.537523 0.057500 0.082551
0 0.506563 0.548312 0.018125 0.053471
0 0.521250 0.987805 0.045000 0.022514
0 0.575625 0.548312 0.043750 0.057223
0 0.685312 0.983115 0.031875 0.031895
0 0.952813 0.992964 0.014375 0.012195