0 0.012188 0.552426 0.024375 0.046949
0 0.070938 0.399453 0.081875 0.083725
0 0.082812 0.945227 0.075625 0.082942
0 0.155938 0.562597 0.065625 0.067293
0 0.199375 0.151799 0.086250 0.104851
0 0.235000 0.522300 0.072500 0.093115
0 0.260625 0.600548 0.057500 0.080595
0 0.342187 0.563771 0.073125 0.113459
0 0.338125 0.487872 0.042500 0.082159
0 0.382500 0.820422 0.066250 0.077465
0 0.412187 0.064162 0.066875 0.070423
0 0.480625 0.125978 0.095000 0.104852
0 0.589375 0.316119 0.072500 0.082942
0 0.590000 0.857590 0.053750 0.081378
0 0.664062 0.530126 0.065625 0.097809
0 0.813438 0.130281 0.076875 0.113459