0 0.340313 0.620544 0.185625 0.257974
0 0.022812 0.190432 0.045625 0.253283
0 0.072188 0.049250 0.144375 0.098499
0 0.067812 0.897748 0.123125 0.202627
0 0.126562 0.533303 0.176875 0.271107
0 0.132500 0.228893 0.157500 0.257036
0 0.184063 0.779080 0.176875 0.276735
0 0.224062 0.138368 0.181875 0.276735
0 0.229687 0.466229 0.129375 0.225140
0 0.312188 0.331614 0.189375 0.282363
0 0.364063 0.930113 0.178125 0.137899
0 0.354688 0.463414 0.118125 0.091933
0 0.452500 0.210601 0.167500 0.201689
0 0.462188 0.809099 0.164375 0.186679
0 0.430937 0.021107 0.080625 0.042214
0 0.498750 0.431989 0.208750 0.287992
0 0.562188 0.918856 0.196875 0.160413
0 0.556875 0.607411 0.146250 0.184803
0 0.627500 0.736867 0.197500 0.280488
0 0.614062 0.476548 0.036875 0.076923
0 0.685937 0.113509 0.180625 0.212007
0 0.678125 0.532364 0.057500 0.115384
0 0.791562 0.553001 0.176875 0.293621
0 0.772188 0.780019 0.115625 0.216698
0 0.806250 0.970920 0.155000 0.056285
0 0.814688 0.159475 0.169375 0.296435
0 0.867500 0.020169 0.098750 0.040338
0 0.905625 0.364446 0.146250 0.286117
0 0.915000 0.840525 0.165000 0.238274
0 0.909375 0.608818 0.068750 0.213884
0 0.948750 0.107880 0.101250 0.215760
0 0.959063 0.972795 0.076875 0.052533
0 0.971562 0.358818 0.055625 0.286116
0 0.975625 0.621013 0.047500 0.215760