0 0.004687 0.349437 0.009375 0.029080
0 0.022187 0.481707 0.018125 0.040338
0 0.030312 0.620544 0.026875 0.029080
0 0.040000 0.455440 0.031250 0.034709
0 0.052812 0.653846 0.028125 0.046904
0 0.059687 0.617729 0.026875 0.034709
0 0.065000 0.575985 0.018750 0.028142
0 0.067187 0.860694 0.023125 0.036585
0 0.072188 0.159943 0.025625 0.049719
0 0.074063 0.825985 0.024375 0.032834
0 0.081563 0.192308 0.024375 0.046904
0 0.081563 0.520169 0.024375 0.055347
0 0.084062 0.877580 0.019375 0.044090
0 0.098437 0.162758 0.019375 0.044090
0 0.102813 0.621482 0.025625 0.042214
0 0.107813 0.581144 0.030625 0.038461
0 0.119063 0.436679 0.019375 0.049718
0 0.125938 0.871951 0.020625 0.044090
0 0.135313 0.729831 0.024375 0.028142
0 0.135313 0.397279 0.021875 0.029081
0 0.138125 0.118668 0.018750 0.040338
0 0.141563 0.431989 0.025625 0.029081
0 0.144687 0.586773 0.026875 0.030956
0 0.149688 0.751876 0.019375 0.034709
0 0.152812 0.916510 0.020625 0.028143
0 0.154062 0.874766 0.015625 0.038461
0 0.158438 0.377580 0.021875 0.040338
0 0.160938 0.842401 0.019375 0.033771
0 0.163750 0.531426 0.018750 0.036586
0 0.164375 0.609287 0.017500 0.038462
0 0.184063 0.925422 0.026875 0.034709
0 0.186563 0.734990 0.019375 0.034709
0 0.195312 0.889775 0.025625 0.044090
0 0.211562 0.566135 0.030625 0.047842
0 0.222188 0.852251 0.020625 0.042214
0 0.229063 0.632739 0.026875 0.038462
0 0.237187 0.659006 0.020625 0.036585
0 0.242500 0.563321 0.022500 0.038462
0 0.264375 0.651032 0.036250 0.041276
0 0.275938 0.698405 0.020625 0.023452
0 0.344375 0.854128 0.042500 0.045967
0 0.337812 0.598030 0.019375 0.030956
0 0.340938 0.464822 0.020625 0.040338
0 0.352187 0.706848 0.019375 0.029080
0 0.358438 0.205910 0.031875 0.042214
0 0.359062 0.626173 0.023125 0.040337
0 0.374062 0.143059 0.024375 0.051595
0 0.374062 0.721857 0.021875 0.032833
0 0.371875 0.810038 0.012500 0.034709
0 0.390937 0.716229 0.025625 0.036586
0 0.396875 0.788461 0.021250 0.030957
0 0.397500 0.834428 0.015000 0.027204
0 0.406562 0.768293 0.020625 0.020638
0 0.406563 0.232177 0.018125 0.036585
0 0.431562 0.568949 0.016875 0.042214
0 0.446875 0.228893 0.021250 0.043152
0 0.452812 0.469043 0.028125 0.069418
0 0.484688 0.334427 0.028125 0.030957
0 0.493437 0.825047 0.023125 0.045966
0 0.540937 0.870075 0.025625 0.040338
0 0.542813 0.828799 0.024375 0.030957
0 0.577500 0.241557 0.030000 0.040338
0 0.600625 0.273452 0.030000 0.034709
0 0.603750 0.115853 0.031250 0.034709
0 0.605312 0.312852 0.023125 0.025328
0 0.622188 0.385085 0.026875 0.038461
0 0.641563 0.382740 0.019375 0.033771
0 0.657500 0.709662 0.038750 0.057223
0 0.670313 0.803002 0.030625 0.048780
0 0.695312 0.153846 0.019375 0.050656
0 0.707500 0.933865 0.038750 0.062852
0 0.726562 0.845215 0.023125 0.028143
0 0.735313 0.883677 0.031875 0.045028
0 0.757500 0.528612 0.031250 0.042214
0 0.755000 0.179644 0.022500 0.044091
0 0.754375 0.025797 0.013750 0.051595
0 0.767813 0.295028 0.025625 0.044090
0 0.775937 0.023922 0.019375 0.032833
0 0.782813 0.173077 0.026875 0.034710
0 0.781250 0.502345 0.008750 0.045966
0 0.799687 0.196529 0.030625 0.034710
0 0.820937 0.537523 0.026875 0.056285
0 0.821562 0.764540 0.028125 0.052533
0 0.821562 0.421201 0.020625 0.058161
0 0.827187 0.446060 0.024375 0.034710
0 0.834375 0.727017 0.031250 0.022514
0 0.850625 0.898218 0.045000 0.049719
0 0.869063 0.979362 0.023125 0.039400
0 0.886875 0.727016 0.012500 0.033771
0 0.935000 0.929175 0.023750 0.045967