0 0.058750 0.385246 0.117500 0.150522
0 0.068437 0.795082 0.136875 0.320418
0 0.165000 0.564084 0.161250 0.391953
0 0.184062 0.222056 0.169375 0.274217
0 0.172500 0.804024 0.107500 0.228018
0 0.213125 0.385991 0.150000 0.235470
0 0.266250 0.661699 0.087500 0.348734
0 0.298438 0.938898 0.130625 0.119225
0 0.342187 0.444859 0.180625 0.397913
0 0.314063 0.842026 0.121875 0.146051
0 0.356563 0.742921 0.168125 0.222056
0 0.337813 0.721311 0.115625 0.137109
0 0.385313 0.147541 0.125625 0.271236
0 0.415312 0.917288 0.141875 0.162444
0 0.411562 0.709389 0.073125 0.137108
0 0.486563 0.252608 0.154375 0.380030
0 0.495000 0.605067 0.160000 0.351714
0 0.494375 0.824143 0.100000 0.146050
0 0.569687 0.966468 0.135625 0.064084
0 0.594688 0.885246 0.168125 0.226528
0 0.585938 0.546944 0.126875 0.375559
0 0.664062 0.305515 0.168125 0.375559
0 0.675625 0.761549 0.140000 0.223547
0 0.735625 0.555142 0.165000 0.287631
0 0.701875 0.935916 0.046250 0.125187
0 0.779375 0.944858 0.116250 0.107303
0 0.804375 0.830104 0.166250 0.286140
0 0.862187 0.631147 0.133125 0.201193
0 0.879375 0.979881 0.106250 0.037258
0 0.880000 0.918778 0.100000 0.073026
0 0.868437 0.900894 0.069375 0.055142
0 0.933750 0.757824 0.131250 0.320418