0 0.075094 0.241250 0.150188 0.278750
0 0.089800 0.093438 0.179599 0.184375
0 0.149562 0.781875 0.299124 0.372500
0 0.172403 0.438437 0.342302 0.314375
0 0.210889 0.194062 0.131415 0.174375
0 0.285356 0.062187 0.262829 0.124375
0 0.294118 0.932500 0.205257 0.133750
0 0.303504 0.676875 0.121402 0.101250
0 0.466521 0.808437 0.338548 0.374375
0 0.526596 0.075625 0.178348 0.148750
0 0.691489 0.868125 0.261577 0.261250
0 0.721527 0.252500 0.321652 0.283750
0 0.708699 0.045937 0.248435 0.091875
0 0.821652 0.597500 0.279098 0.341250
0 0.910826 0.123750 0.177096 0.247500
0 0.888924 0.936562 0.123279 0.108125
0 0.948686 0.348750 0.101377 0.196250
0 0.958386 0.874062 0.076971 0.201875
0 0.971527 0.682813 0.055694 0.245625