0 0.079687 0.657598 0.135625 0.230769
0 0.158750 0.452157 0.151250 0.208255
0 0.190625 0.272045 0.153750 0.206379
0 0.206562 0.734522 0.160625 0.219513
0 0.190625 0.608818 0.068750 0.075046
0 0.282187 0.509850 0.104375 0.196060
0 0.292813 0.106473 0.125625 0.190432
0 0.341250 0.844278 0.162500 0.127580
0 0.307188 0.289400 0.069375 0.128518
0 0.327813 0.678705 0.064375 0.199813
0 0.372500 0.199813 0.107500 0.168855
0 0.375937 0.340525 0.083125 0.091933
0 0.400000 0.467636 0.111250 0.184802
0 0.440312 0.658536 0.176875 0.298311
0 0.450937 0.898218 0.074375 0.060975
0 0.528125 0.304878 0.165000 0.236398
0 0.555625 0.783771 0.200000 0.248593
0 0.566563 0.465291 0.134375 0.223264
0 0.589063 0.932458 0.179375 0.133208
0 0.643750 0.564259 0.202500 0.286116
0 0.640312 0.098030 0.161875 0.196060
0 0.735000 0.802064 0.210000 0.311445
0 0.729375 0.301126 0.186250 0.232645
0 0.783438 0.464353 0.124375 0.166979
0 0.810312 0.625704 0.121875 0.144465
0 0.818437 0.964353 0.123125 0.067542
0 0.886250 0.237805 0.138750 0.197936
0 0.924375 0.746247 0.150000 0.276735
0 0.925312 0.416511 0.136875 0.228893
0 0.937500 0.560976 0.107500 0.071295
0 0.943750 0.886491 0.107500 0.212007
0 0.977500 0.219512 0.043750 0.161351