0 0.020000 0.215000 0.040000 0.046666
0 0.047188 0.425417 0.021875 0.022500
0 0.060938 0.899583 0.013125 0.010833
0 0.076250 0.893750 0.005000 0.015834
0 0.084062 0.748750 0.013125 0.025834
0 0.085938 0.270000 0.016875 0.011666
0 0.093750 0.200417 0.016250 0.027500
0 0.118438 0.212500 0.011875 0.010000
0 0.142187 0.661250 0.025625 0.025834
0 0.138437 0.989167 0.013125 0.010000
0 0.234063 0.960000 0.015625 0.006666
0 0.345625 0.963334 0.030000 0.031667
0 0.355313 0.890833 0.013125 0.010000
0 0.386563 0.945417 0.018125 0.027500
0 0.610313 0.856666 0.011875 0.013333
0 0.779688 0.885000 0.021875 0.021666