0 0.382500 0.344445 0.091250 0.108889
0 0.043125 0.685000 0.086250 0.227778
0 0.089375 0.880555 0.162500 0.236667
0 0.165625 0.676667 0.161250 0.293333
0 0.236250 0.890556 0.146250 0.216667
0 0.320625 0.680000 0.161250 0.246666
0 0.393125 0.898889 0.140000 0.200000
0 0.457187 0.692778 0.126875 0.252222
0 0.541250 0.891666 0.148750 0.214445
0 0.606563 0.682222 0.150625 0.240000
0 0.686562 0.873889 0.126875 0.250000
0 0.735625 0.652778 0.107500 0.232222
0 0.804063 0.878333 0.131875 0.232222
0 0.860000 0.662777 0.141250 0.238889
0 0.933125 0.870000 0.102500 0.253334
0 0.965000 0.660556 0.068750 0.230000