0 0.374062 0.745310 0.029375 0.044090
0 0.381563 0.402908 0.024375 0.040338
0 0.399375 0.378518 0.018750 0.038462
0 0.421563 0.416042 0.025625 0.032833
0 0.448125 0.431989 0.018750 0.029081
0 0.464063 0.833489 0.028125 0.029081
0 0.460938 0.917449 0.019375 0.058161
0 0.475625 0.346623 0.010000 0.034709
0 0.489063 0.439493 0.021875 0.044090
0 0.532500 0.750938 0.096250 0.171670
0 0.506563 0.334428 0.033125 0.045966
0 0.520625 0.473265 0.015000 0.023453
0 0.540312 0.442308 0.034375 0.038461
0 0.541562 0.507973 0.026875 0.034709
0 0.564062 0.195122 0.040625 0.063790
0 0.686875 0.710600 0.095000 0.136023
0 0.734063 0.216229 0.094375 0.143528
0 0.715938 0.577861 0.029375 0.056285
0 0.726562 0.540806 0.023125 0.030957
0 0.759062 0.481707 0.030625 0.040338
0 0.762188 0.447937 0.024375 0.030957
0 0.837187 0.625234 0.025625 0.034709
0 0.858125 0.233583 0.030000 0.052533
0 0.858125 0.459662 0.021250 0.043152
0 0.925938 0.903846 0.134375 0.169794
0 0.885000 0.586773 0.037500 0.038462
0 0.902187 0.606472 0.020625 0.036585
0 0.920313 0.228893 0.030625 0.054409
0 0.982812 0.800657 0.028125 0.121013
0 0.993750 0.435741 0.011250 0.062852