0 0.063437 0.200094 0.126875 0.400187
0 0.094375 0.625586 0.188750 0.432052
0 0.210625 0.041705 0.248750 0.083411
0 0.256563 0.290066 0.279375 0.428303
0 0.329688 0.914715 0.379375 0.168697
0 0.351250 0.628866 0.315000 0.369260
0 0.538750 0.363168 0.345000 0.492034
0 0.563438 0.090440 0.334375 0.180881
0 0.660312 0.806467 0.335625 0.385192
0 0.812188 0.358482 0.283125 0.505155
0 0.860000 0.738988 0.197500 0.332708
0 0.896250 0.126992 0.206250 0.253983
0 0.932187 0.906280 0.134375 0.185567
0 0.963125 0.577788 0.072500 0.486410