0 0.043437 0.067073 0.086875 0.122889
0 0.047813 0.410413 0.095625 0.194184
0 0.050937 0.073170 0.101875 0.095685
0 0.053125 0.219981 0.106250 0.186679
0 0.069062 0.215291 0.138125 0.173546
0 0.075938 0.677299 0.151875 0.311445
0 0.080625 0.684803 0.161250 0.330206
0 0.048438 0.416511 0.084375 0.181989
0 0.185312 0.861164 0.279375 0.275797
0 0.180937 0.860225 0.265625 0.277674
0 0.166250 0.471388 0.151250 0.192307
0 0.195000 0.073170 0.208750 0.146341
0 0.196250 0.073171 0.211250 0.135084
0 0.184688 0.460600 0.180625 0.178237
0 0.233437 0.240619 0.278125 0.349906
0 0.234687 0.240619 0.265625 0.338649
0 0.326875 0.560507 0.303750 0.417449
0 0.330625 0.558630 0.311250 0.409943
0 0.415313 0.066604 0.226875 0.133208
0 0.425625 0.070356 0.237500 0.136961
0 0.432813 0.710600 0.245625 0.348030
0 0.434062 0.706848 0.230625 0.351782
0 0.479687 0.760788 0.283125 0.363978
0 0.387813 0.313321 0.069375 0.080676
0 0.448750 0.204034 0.183750 0.115385
0 0.439063 0.204972 0.140625 0.132270
0 0.489063 0.747186 0.240625 0.351782
0 0.414062 0.204972 0.085625 0.109756
0 0.541563 0.371951 0.276875 0.351782
0 0.551250 0.364446 0.257500 0.359287
0 0.621563 0.901970 0.283125 0.162288
0 0.624687 0.898687 0.284375 0.200751
0 0.526250 0.877111 0.068750 0.091933
0 0.658438 0.072233 0.271875 0.144465
0 0.655625 0.072233 0.261250 0.144465
0 0.631250 0.589587 0.205000 0.197936
0 0.658125 0.295028 0.251250 0.267354
0 0.657500 0.593340 0.157500 0.190431
0 0.822500 0.782833 0.350000 0.338650
0 0.802188 0.312852 0.236875 0.413696
0 0.812188 0.572232 0.120625 0.060037
0 0.888750 0.096154 0.202500 0.192308
0 0.890625 0.098968 0.201250 0.197936
0 0.906875 0.498124 0.168750 0.219512
0 0.912187 0.494371 0.174375 0.200751
0 0.913125 0.858349 0.115000 0.281426
0 0.927188 0.797843 0.135625 0.402439
0 0.937188 0.802533 0.124375 0.393058
0 0.952500 0.290806 0.093750 0.230769
0 0.955000 0.299719 0.088750 0.196060