0 0.131562 0.728598 0.213125 0.268109
0 0.179063 0.939323 0.130625 0.119473
0 0.244375 0.116181 0.192500 0.232361
0 0.231563 0.321731 0.094375 0.133584
0 0.365000 0.549389 0.161250 0.252117
0 0.396250 0.774695 0.196250 0.290687
0 0.401875 0.296331 0.161250 0.237065
0 0.418125 0.096896 0.147500 0.173095
0 0.492500 0.928034 0.196250 0.142051
0 0.545000 0.077610 0.147500 0.155221
0 0.562188 0.334431 0.135625 0.126999
0 0.646250 0.487771 0.212500 0.275635
0 0.706875 0.913452 0.207500 0.171213
0 0.685625 0.151928 0.111250 0.179681
0 0.749062 0.682032 0.138125 0.222014
0 0.796563 0.058326 0.143125 0.116651
0 0.805625 0.410160 0.107500 0.171214
0 0.910313 0.844309 0.178125 0.198495
0 0.917813 0.956726 0.163125 0.084666
0 0.940000 0.052211 0.046250 0.104421
0 0.985000 0.182032 0.028750 0.211666