0 0.105078 0.203400 0.038281 0.064478
0 0.133594 0.191090 0.048438 0.077374
0 0.246484 0.484173 0.032031 0.044549
0 0.255469 0.407386 0.037500 0.062134
0 0.285938 0.478899 0.043751 0.073857
0 0.392578 0.359907 0.038282 0.067995
0 0.450000 0.446073 0.050000 0.073857
0 0.487891 0.162955 0.038281 0.060961
0 0.492188 0.101993 0.043750 0.042204
0 0.532422 0.188159 0.050782 0.076201
0 0.583594 0.519344 0.051562 0.077373
0 0.601172 0.587925 0.047656 0.073857
0 0.628125 0.453693 0.057812 0.077374
0 0.650000 0.560961 0.050000 0.071512
0 0.667578 0.319461 0.055468 0.083236
0 0.689453 0.609613 0.047656 0.086752
0 0.708593 0.293083 0.039063 0.044549
0 0.712891 0.341735 0.039844 0.069168