0 0.280274 0.324870 0.072265 0.089844
0 0.325195 0.386719 0.033203 0.065104
0 0.358887 0.349609 0.041992 0.061198
0 0.422364 0.343099 0.036133 0.069010
0 0.438965 0.437500 0.032226 0.046876
0 0.496582 0.421875 0.034180 0.036458
0 0.636231 0.619140 0.063477 0.053385
0 0.711426 0.189454 0.053711 0.076823
0 0.817871 0.138020 0.038086 0.078125
0 0.839844 0.212891 0.052734 0.071615
0 0.870117 0.289062 0.054688 0.057291
0 0.951660 0.327474 0.063476 0.058594
0 0.949707 0.686198 0.051758 0.062500
0 0.973633 0.549479 0.050781 0.085938
0 0.985839 0.273438 0.026367 0.070313