0 0.416563 0.820357 0.065625 0.106003
0 0.489688 0.454034 0.080625 0.088180
0 0.558437 0.657130 0.013125 0.029081
0 0.601875 0.026736 0.053750 0.038461
0 0.602500 0.403846 0.055000 0.057223
0 0.587187 0.670262 0.016875 0.025329
0 0.625625 0.636491 0.016250 0.034709
0 0.640937 0.675891 0.024375 0.032833
0 0.676250 0.716229 0.015000 0.044090
0 0.690312 0.687149 0.023125 0.036585
0 0.721875 0.227955 0.047500 0.075046
0 0.791562 0.220450 0.023125 0.060037
0 0.865312 0.086304 0.073125 0.069418
0 0.859687 0.573640 0.054375 0.049718