0 0.029706 0.428333 0.059412 0.098333
0 0.034709 0.282916 0.069418 0.140833
0 0.048468 0.683333 0.096936 0.156667
0 0.055347 0.402084 0.085678 0.069167
0 0.098186 0.523334 0.147592 0.228333
0 0.085678 0.362500 0.078799 0.093334
0 0.076298 0.266666 0.033771 0.108333
0 0.141964 0.288333 0.106316 0.151667
0 0.184803 0.676667 0.168230 0.160000
0 0.165415 0.442500 0.066917 0.066666
0 0.178862 0.392500 0.091307 0.066666
0 0.264228 0.518334 0.161976 0.208333
0 0.242965 0.298750 0.103189 0.130834
0 0.305503 0.389583 0.096935 0.082500
0 0.348969 0.671250 0.155097 0.170834
0 0.421826 0.435417 0.135710 0.112500
0 0.413696 0.383750 0.098186 0.080834
0 0.407755 0.342500 0.076298 0.063334
0 0.444340 0.516250 0.149468 0.192500