0 0.065938 0.294166 0.030625 0.036667
0 0.080625 0.511250 0.035000 0.035834
0 0.127500 0.485417 0.035000 0.045833
0 0.231250 0.395834 0.036250 0.046667
0 0.235313 0.748333 0.020625 0.048333
0 0.314375 0.750833 0.037500 0.050000
0 0.325000 0.958333 0.027500 0.061667
0 0.341562 0.983750 0.024375 0.020834
0 0.352187 0.725833 0.011875 0.041667
0 0.397813 0.381250 0.020625 0.055834
0 0.546563 0.127917 0.023125 0.037500
0 0.550938 0.155000 0.021875 0.056666
0 0.658438 0.673334 0.020625 0.038333
0 0.675000 0.280833 0.025000 0.050000
0 0.696250 0.320833 0.041250 0.051667
0 0.750938 0.563750 0.019375 0.040834
0 0.752500 0.532916 0.016250 0.030833
0 0.860938 0.048750 0.024375 0.030834
0 0.912187 0.222083 0.023125 0.035833
0 0.914062 0.179583 0.019375 0.037500
0 0.975313 0.677500 0.020625 0.061666
0 0.974063 0.407083 0.015625 0.027500
0 0.987812 0.386667 0.019375 0.055000