0 0.166875 0.855649 0.121250 0.159833
0 0.165000 0.694142 0.115000 0.146444
0 0.179688 0.968201 0.115625 0.061924
0 0.190312 0.282426 0.113125 0.139749
0 0.206875 0.187448 0.073750 0.073640
0 0.223438 0.124268 0.076875 0.092887
0 0.249375 0.036402 0.085000 0.072803
0 0.264062 0.766109 0.108125 0.153138
0 0.273125 0.329289 0.117500 0.099581
0 0.280938 0.918410 0.121875 0.151464
0 0.286875 0.230544 0.087500 0.107950
0 0.298750 0.150627 0.073750 0.061925
0 0.308438 0.091631 0.061875 0.076151
0 0.369063 0.672385 0.119375 0.144770
0 0.371563 0.286611 0.098125 0.134728
0 0.379687 0.962343 0.111875 0.073640
0 0.395312 0.103765 0.096875 0.071967
0 0.378750 0.573222 0.050000 0.066946
0 0.385000 0.068619 0.062500 0.043515
0 0.439063 0.309205 0.106875 0.151464
0 0.482812 0.758578 0.119375 0.148117
0 0.471250 0.223431 0.088750 0.073640
0 0.485313 0.918410 0.109375 0.151464
0 0.473125 0.077406 0.081250 0.087866
0 0.483438 0.153975 0.090625 0.110460
0 0.528438 0.661925 0.030625 0.061925
0 0.587187 0.156067 0.058125 0.084518
0 0.627500 0.959832 0.100000 0.078661
0 0.642813 0.848117 0.115625 0.164854
0 0.648750 0.018410 0.073750 0.036820
0 0.649375 0.122594 0.058750 0.099582
0 0.677812 0.176151 0.100625 0.072803
0 0.650625 0.050627 0.042500 0.047699
0 0.695937 0.582846 0.105625 0.131381
0 0.728750 0.765272 0.128750 0.164854
0 0.737500 0.921757 0.127500 0.154812
0 0.722813 0.080335 0.074375 0.066946
0 0.725313 0.274477 0.073125 0.123850
0 0.744062 0.138494 0.098125 0.096234
0 0.745313 0.017155 0.080625 0.032636
0 0.770312 0.222594 0.084375 0.103766
0 0.772813 0.589539 0.055625 0.102929
0 0.803750 0.333473 0.113750 0.087866
0 0.806875 0.661088 0.120000 0.138912
0 0.786563 0.569875 0.068125 0.080335
0 0.823750 0.115062 0.070000 0.064435
0 0.855938 0.954812 0.124375 0.085356
0 0.839687 0.174477 0.061875 0.079498
0 0.931250 0.737657 0.121250 0.138076
0 0.942813 0.884937 0.110625 0.153138