0 0.335938 0.170671 0.071875 0.111111
0 0.068125 0.810310 0.055000 0.123123
0 0.100625 0.582082 0.051250 0.111111
0 0.162500 0.649650 0.048750 0.074074
0 0.211875 0.666166 0.050000 0.107107
0 0.388750 0.788288 0.050000 0.105105
0 0.398125 0.826827 0.031250 0.082082
0 0.425625 0.759760 0.045000 0.092092
0 0.473438 0.777778 0.025625 0.080080
0 0.633125 0.416917 0.045000 0.075075
0 0.654375 0.552553 0.043750 0.060060
0 0.660312 0.274274 0.036875 0.062062
0 0.708125 0.727728 0.056250 0.078078
0 0.848125 0.126627 0.046250 0.073073