0 0.193125 0.316250 0.157500 0.227500
0 0.051562 0.576667 0.103125 0.160000
0 0.054062 0.810000 0.108125 0.223334
0 0.186875 0.882083 0.183750 0.230833
0 0.194688 0.689167 0.173125 0.206667
0 0.234063 0.515417 0.143125 0.140833
0 0.332500 0.233750 0.155000 0.225834
0 0.361875 0.369167 0.158750 0.145000
0 0.354687 0.687083 0.139375 0.190833
0 0.382500 0.501667 0.168750 0.216667
0 0.489063 0.202917 0.173125 0.184167
0 0.515625 0.644583 0.182500 0.220833
0 0.537500 0.363333 0.153750 0.163333
0 0.596250 0.494166 0.170000 0.201667
0 0.633750 0.180000 0.147500 0.203334
0 0.686562 0.655000 0.168125 0.190000
0 0.696875 0.383750 0.155000 0.194166
0 0.765625 0.240834 0.155000 0.201667
0 0.774062 0.110000 0.130625 0.146666