0 0.023438 0.662769 0.026875 0.045838
0 0.074063 0.604771 0.025625 0.040224
0 0.098438 0.572030 0.030625 0.032741
0 0.109063 0.426100 0.026875 0.028999
0 0.122188 0.775959 0.016875 0.038354
0 0.147813 0.529000 0.034375 0.049579
0 0.189062 0.571094 0.025625 0.034611
0 0.204687 0.391488 0.020625 0.040225
0 0.206562 0.186623 0.021875 0.032740
0 0.216250 0.459776 0.033750 0.053321
0 0.239375 0.556595 0.041250 0.028064
0 0.274687 0.045370 0.026875 0.038353
0 0.277813 0.945276 0.028125 0.045838
0 0.283438 0.097287 0.029375 0.050514
0 0.283438 0.127690 0.021875 0.034611
0 0.291563 0.015902 0.030625 0.031805
0 0.317812 0.981759 0.024375 0.034612
0 0.333437 0.847989 0.031875 0.055192
0 0.346250 0.108981 0.018750 0.042095
0 0.354688 0.130028 0.018125 0.046772
0 0.382812 0.152012 0.015625 0.025257
0 0.403438 0.166511 0.023125 0.026193
0 0.440312 0.147334 0.023125 0.034612
0 0.463438 0.123012 0.030625 0.047708
0 0.566562 0.635641 0.026875 0.036483
0 0.617813 0.573901 0.031875 0.040224
0 0.620313 0.609448 0.034375 0.027128
0 0.629375 0.694574 0.016250 0.051450
0 0.673438 0.550515 0.025625 0.040225
0 0.709062 0.531806 0.034375 0.058933
0 0.721250 0.842376 0.046250 0.058934
0 0.757187 0.837699 0.031875 0.043966
0 0.769688 0.613190 0.033125 0.045838
0 0.790938 0.560337 0.024375 0.056127
0 0.823438 0.510758 0.020625 0.052385
0 0.833438 0.635641 0.024375 0.036483
0 0.850938 0.491581 0.019375 0.036482
0 0.862187 0.675866 0.033125 0.036483
0 0.860625 0.612255 0.015000 0.036483
0 0.870313 0.894294 0.026875 0.059869