0 0.346875 0.375000 0.173750 0.367284
0 0.038750 0.862654 0.077500 0.268519
0 0.042500 0.421297 0.085000 0.416667
0 0.093750 0.233025 0.150000 0.250000
0 0.096250 0.726852 0.117500 0.348766
0 0.096875 0.941358 0.078750 0.111112
0 0.157500 0.412037 0.137500 0.299382
0 0.221875 0.910494 0.168750 0.172840
0 0.242500 0.296296 0.085000 0.141975
0 0.255000 0.526234 0.085000 0.114197
0 0.253125 0.390432 0.036250 0.175926
0 0.331250 0.969136 0.060000 0.055556
0 0.406250 0.787037 0.170000 0.407408
0 0.476875 0.916667 0.193750 0.160494
0 0.466875 0.250000 0.151250 0.351852
0 0.514375 0.638889 0.163750 0.438272
0 0.548125 0.381173 0.121250 0.145062
0 0.633750 0.839506 0.157500 0.314815
0 0.656250 0.496913 0.180000 0.388889
0 0.691250 0.290123 0.117500 0.135803
0 0.785000 0.719136 0.170000 0.388889
0 0.806875 0.941358 0.161250 0.111112
0 0.813750 0.418210 0.172500 0.268518
0 0.898750 0.660494 0.082500 0.209876
0 0.933750 0.830247 0.130000 0.333334
0 0.956875 0.479938 0.083750 0.324074