0 0.510312 0.552731 0.210625 0.310735
0 0.127812 0.631355 0.174375 0.255179
0 0.140000 0.824388 0.196250 0.274012
0 0.154688 0.365819 0.171875 0.283428
0 0.209688 0.959039 0.115625 0.080037
0 0.313438 0.515536 0.184375 0.255179
0 0.361563 0.731638 0.234375 0.258003
0 0.340938 0.297081 0.175625 0.258946
0 0.381563 0.887477 0.218125 0.223163
0 0.416563 0.442090 0.034375 0.085687
0 0.513437 0.340867 0.123125 0.129943
0 0.565937 0.918550 0.166875 0.161017
0 0.645000 0.368644 0.198750 0.208098
0 0.694688 0.566384 0.183125 0.268362
0 0.736250 0.905367 0.207500 0.177966
0 0.803750 0.930791 0.265000 0.136534
0 0.754375 0.392655 0.080000 0.148776
0 0.830625 0.553202 0.150000 0.238229
0 0.820937 0.739171 0.123125 0.161959
0 0.917500 0.812617 0.160000 0.293785