0 0.360175 0.825195 0.234261 0.085937
0 0.097365 0.446777 0.194729 0.114258
0 0.123719 0.321777 0.247438 0.155273
0 0.136164 0.157714 0.272328 0.161133
0 0.162519 0.731934 0.216691 0.104492
0 0.169107 0.819824 0.203514 0.081055
0 0.165446 0.634766 0.163983 0.089844
0 0.368961 0.719726 0.207907 0.103515
0 0.369692 0.635254 0.194729 0.118164
0 0.555637 0.730957 0.177160 0.084961
0 0.555637 0.822265 0.177160 0.085937
0 0.568082 0.617676 0.184480 0.104492
0 0.743045 0.814453 0.191801 0.091797
0 0.753294 0.712891 0.203514 0.111328
0 0.765739 0.621582 0.181552 0.083008
0 0.871889 0.277343 0.253294 0.150391
0 0.847731 0.376464 0.184481 0.057617
0 0.867497 0.139649 0.191801 0.134765