0 0.746250 0.733333 0.280000 0.370000
0 0.034063 0.775833 0.068125 0.310000
0 0.042500 0.960417 0.085000 0.077500
0 0.090938 0.245000 0.181875 0.361666
0 0.175313 0.800417 0.243125 0.242500
0 0.180312 0.568333 0.224375 0.408333
0 0.234375 0.957917 0.193750 0.082500
0 0.280000 0.248750 0.191250 0.289166
0 0.408125 0.568750 0.313750 0.444166
0 0.459375 0.184167 0.295000 0.366667
0 0.469063 0.874583 0.266875 0.249167
0 0.608750 0.925416 0.267500 0.144167
0 0.566562 0.549167 0.129375 0.360000
0 0.685000 0.387916 0.270000 0.340833
0 0.651250 0.160833 0.143750 0.216667
0 0.853125 0.076250 0.268750 0.152500
0 0.777813 0.182500 0.091875 0.153334
0 0.887500 0.330417 0.221250 0.387500
0 0.895938 0.911667 0.206875 0.175000
0 0.923125 0.670000 0.152500 0.305000