0 0.728125 0.251667 0.167500 0.226667
0 0.092500 0.270000 0.143750 0.198334
0 0.151875 0.507083 0.093750 0.124167
0 0.161562 0.936667 0.105625 0.105000
0 0.193750 0.059583 0.155000 0.119167
0 0.231250 0.772083 0.121250 0.175833
0 0.254375 0.251250 0.160000 0.200834
0 0.273125 0.577083 0.151250 0.180833
0 0.376563 0.197916 0.138125 0.184167
0 0.397813 0.453750 0.141875 0.182500
0 0.425000 0.869583 0.121250 0.142500
0 0.448437 0.299584 0.144375 0.180833
0 0.843125 0.060417 0.158750 0.120833
0 0.935312 0.621667 0.100625 0.095000