0 0.745000 0.501667 0.075000 0.088333
0 0.081562 0.680833 0.050625 0.065000
0 0.142813 0.730000 0.061875 0.073334
0 0.150000 0.654166 0.061250 0.056667
0 0.159062 0.612917 0.065625 0.067500
0 0.204375 0.781667 0.040000 0.050000
0 0.208125 0.613750 0.047500 0.075834
0 0.233438 0.719584 0.056875 0.064167
0 0.242812 0.528333 0.053125 0.050000
0 0.250937 0.781667 0.060625 0.070000
0 0.255937 0.461250 0.050625 0.070834
0 0.260313 0.636667 0.059375 0.053333
0 0.268437 0.378750 0.056875 0.074166
0 0.274062 0.606666 0.068125 0.051667
0 0.305625 0.783334 0.062500 0.098333
0 0.300625 0.483750 0.046250 0.077500
0 0.302500 0.325833 0.042500 0.051667
0 0.322188 0.645834 0.056875 0.056667
0 0.335938 0.267917 0.048125 0.079167
0 0.337812 0.370000 0.049375 0.046666
0 0.350313 0.430000 0.050625 0.050000
0 0.368437 0.742917 0.065625 0.095833
0 0.386875 0.357916 0.046250 0.090833
0 0.397188 0.466250 0.054375 0.080834
0 0.425937 0.701250 0.054375 0.079166
0 0.434063 0.340417 0.050625 0.077500
0 0.467187 0.391666 0.046875 0.058333
0 0.472812 0.243750 0.058125 0.082500
0 0.483438 0.536250 0.060625 0.069166
0 0.490313 0.618750 0.046875 0.065834
0 0.500625 0.337500 0.043750 0.060000
0 0.534375 0.562917 0.038750 0.045833
0 0.539375 0.510416 0.043750 0.044167
0 0.545312 0.631667 0.055625 0.101667
0 0.588437 0.450834 0.054375 0.063333
0 0.589375 0.567083 0.042500 0.079167
0 0.590000 0.510416 0.043750 0.044167
0 0.602812 0.385833 0.054375 0.056667
0 0.602500 0.650000 0.038750 0.068334
0 0.655625 0.414583 0.033750 0.074167
0 0.667188 0.611250 0.051875 0.064166
0 0.682813 0.345834 0.064375 0.046667
0 0.693125 0.555417 0.053750 0.082500
0 0.807500 0.374583 0.050000 0.072500
0 0.835938 0.415000 0.048125 0.053334