0 0.712838 0.720790 0.192568 0.146048
0 0.070946 0.814433 0.067568 0.154640
0 0.069257 0.687286 0.057432 0.072165
0 0.176520 0.743128 0.146959 0.073883
0 0.194256 0.615979 0.148649 0.063574
0 0.325169 0.737972 0.170608 0.077319
0 0.322635 0.587628 0.101352 0.054983
0 0.337838 0.638316 0.087838 0.046392
0 0.523648 0.731959 0.209459 0.130584
0 0.703547 0.524055 0.116554 0.065292
0 0.693412 0.577319 0.092906 0.061855
0 0.716216 0.627148 0.070946 0.048110
0 0.798987 0.652062 0.114865 0.118556
0 0.813345 0.487972 0.072635 0.037801
0 0.879223 0.719932 0.140202 0.134021
0 0.850507 0.545533 0.065878 0.042955
0 0.883446 0.621993 0.101352 0.058419
0 0.912162 0.577319 0.094594 0.082475