0 0.101562 0.753334 0.139375 0.176667
0 0.021875 0.753334 0.043750 0.171667
0 0.025313 0.576667 0.050625 0.150000
0 0.074375 0.916250 0.115000 0.135834
0 0.128125 0.552500 0.155000 0.191666
0 0.192500 0.972500 0.118750 0.053334
0 0.213125 0.853750 0.155000 0.177500
0 0.205937 0.480417 0.091875 0.180833
0 0.237500 0.673334 0.155000 0.163333
0 0.319688 0.520833 0.128125 0.190000
0 0.306875 0.404583 0.100000 0.094167
0 0.320625 0.915834 0.113750 0.163333
0 0.355938 0.757916 0.135625 0.180833
0 0.396563 0.380416 0.085625 0.129167
0 0.421250 0.887500 0.075000 0.138334
0 0.475625 0.625833 0.150000 0.175000
0 0.445000 0.476667 0.081250 0.115000
0 0.510938 0.818333 0.128125 0.155000
0 0.549063 0.495833 0.119375 0.170000
0 0.572187 0.762084 0.098125 0.175833
0 0.597500 0.920000 0.130000 0.155000
0 0.669063 0.700000 0.134375 0.165000
0 0.725313 0.931250 0.130625 0.135834
0 0.737500 0.448750 0.116250 0.182500
0 0.745000 0.815417 0.115000 0.117500
0 0.802188 0.698750 0.124375 0.177500
0 0.818750 0.461250 0.077500 0.145834
0 0.827500 0.166666 0.081250 0.101667
0 0.845625 0.945000 0.107500 0.108334
0 0.850000 0.363333 0.085000 0.101667
0 0.870000 0.827083 0.105000 0.185833
0 0.899687 0.587917 0.133125 0.137500
0 0.880313 0.454584 0.091875 0.119167
0 0.909375 0.140833 0.065000 0.063333
0 0.920000 0.231250 0.077500 0.079166
0 0.936562 0.319583 0.090625 0.127500
0 0.920937 0.071250 0.056875 0.079166
0 0.949063 0.954584 0.096875 0.089167
0 0.951250 0.717083 0.096250 0.162500
0 0.959062 0.445833 0.080625 0.125000
0 0.961562 0.853334 0.055625 0.113333
0 0.957812 0.185833 0.045625 0.046667
0 0.969688 0.143750 0.055625 0.069166
0 0.972500 0.570000 0.053750 0.105000
0 0.986563 0.249166 0.025625 0.101667