0 0.173437 0.137917 0.094375 0.122500
0 0.025000 0.755000 0.050000 0.031666
0 0.031875 0.430417 0.043750 0.060833
0 0.099688 0.477500 0.029375 0.051666
0 0.122813 0.502084 0.024375 0.020833
0 0.130625 0.407083 0.022500 0.027500
0 0.171250 0.955417 0.065000 0.087500
0 0.188750 0.389167 0.045000 0.040000
0 0.239375 0.525000 0.078750 0.098334
0 0.280000 0.311250 0.036250 0.074166
0 0.353438 0.482084 0.035625 0.039167
0 0.498125 0.444167 0.031250 0.015000
0 0.660625 0.626666 0.310000 0.363333
0 0.527188 0.443333 0.026875 0.065000
0 0.687500 0.315000 0.267500 0.346666