0 0.142500 0.362500 0.040000 0.051666
0 0.161875 0.406250 0.037500 0.045834
0 0.179688 0.365000 0.026875 0.046666
0 0.191250 0.459583 0.035000 0.057500
0 0.206875 0.409583 0.042500 0.032500
0 0.200313 0.381250 0.021875 0.017500
0 0.210000 0.340000 0.033750 0.045000
0 0.217188 0.540416 0.034375 0.035833
0 0.219687 0.392500 0.031875 0.015000
0 0.216562 0.495000 0.023125 0.065000
0 0.228750 0.350834 0.027500 0.046667
0 0.242812 0.429583 0.053125 0.040833
0 0.246250 0.560000 0.046250 0.051666
0 0.243750 0.306250 0.031250 0.039166
0 0.260937 0.621250 0.058125 0.080834
0 0.263125 0.508750 0.046250 0.072500
0 0.265000 0.329583 0.035000 0.047500
0 0.283438 0.541250 0.056875 0.079166
0 0.278750 0.391666 0.038750 0.048333
0 0.295312 0.432916 0.044375 0.059167
0 0.301875 0.668750 0.046250 0.062500
0 0.297187 0.467500 0.024375 0.041666
0 0.306875 0.320416 0.036250 0.025833
0 0.309375 0.569583 0.038750 0.074167
0 0.312812 0.334583 0.045625 0.027500
0 0.307500 0.286666 0.027500 0.041667
0 0.326250 0.716250 0.065000 0.077500
0 0.323750 0.377500 0.053750 0.051666
0 0.318750 0.505417 0.036250 0.037500
0 0.328750 0.785834 0.046250 0.051667
0 0.334062 0.451250 0.041875 0.070834
0 0.346250 0.616667 0.066250 0.053333
0 0.337813 0.295833 0.025625 0.050000
0 0.359063 0.554584 0.053125 0.074167
0 0.357500 0.326250 0.043750 0.040834
0 0.356875 0.411250 0.035000 0.035834
0 0.368437 0.667916 0.058125 0.074167
0 0.380625 0.835000 0.080000 0.066666
0 0.369688 0.479583 0.050625 0.065833
0 0.370625 0.742917 0.040000 0.069167
0 0.369063 0.299584 0.020625 0.035833
0 0.391563 0.389167 0.043125 0.050000
0 0.410000 0.600000 0.077500 0.083334
0 0.393750 0.336666 0.038750 0.051667
0 0.403750 0.763750 0.051250 0.075834
0 0.400000 0.344166 0.028750 0.036667
0 0.407813 0.308750 0.025625 0.024166
0 0.429063 0.512916 0.068125 0.084167
0 0.423125 0.433750 0.051250 0.057500
0 0.425625 0.714583 0.038750 0.039167
0 0.441250 0.571666 0.062500 0.036667
0 0.428438 0.819583 0.023125 0.035833
0 0.443125 0.344166 0.042500 0.036667
0 0.448125 0.390000 0.040000 0.061666
0 0.446562 0.312916 0.028125 0.025833
0 0.467812 0.764583 0.068125 0.077500
0 0.461875 0.637084 0.051250 0.074167
0 0.460000 0.706667 0.032500 0.055000
0 0.484687 0.487917 0.050625 0.062500
0 0.482500 0.361666 0.038750 0.056667
0 0.481875 0.316666 0.027500 0.033333
0 0.483437 0.402083 0.024375 0.065833
0 0.498750 0.537083 0.047500 0.077500
0 0.499375 0.432916 0.046250 0.059167
0 0.520000 0.751667 0.067500 0.061667
0 0.506563 0.332084 0.021875 0.039167
0 0.529687 0.597916 0.063125 0.079167
0 0.524687 0.536250 0.050625 0.027500
0 0.523750 0.675833 0.041250 0.055000
0 0.524063 0.356250 0.020625 0.045834
0 0.541250 0.305416 0.037500 0.040833
0 0.543750 0.471666 0.042500 0.053333
0 0.547813 0.340000 0.034375 0.035000
0 0.553125 0.382084 0.045000 0.035833
0 0.558750 0.422500 0.051250 0.055000
0 0.568437 0.531250 0.055625 0.037500
0 0.572812 0.715417 0.061875 0.072500
0 0.564062 0.654166 0.030625 0.056667
0 0.581875 0.590417 0.041250 0.074167
0 0.589375 0.371667 0.042500 0.046667
0 0.603437 0.478750 0.048125 0.067500
0 0.603437 0.409583 0.045625 0.042500
0 0.617188 0.662916 0.059375 0.074167
0 0.613125 0.360000 0.041250 0.046666
0 0.613125 0.435417 0.036250 0.042500
0 0.636563 0.600833 0.056875 0.063333
0 0.643437 0.544166 0.058125 0.063333
0 0.651250 0.503333 0.050000 0.051667
0 0.653750 0.475000 0.045000 0.046666
0 0.647813 0.445833 0.025625 0.033333
0 0.663438 0.672916 0.056875 0.070833
0 0.657500 0.417500 0.032500 0.038334
0 0.676250 0.583334 0.046250 0.046667
0 0.677500 0.456250 0.038750 0.039166
0 0.694375 0.627500 0.065000 0.041666
0 0.694375 0.487084 0.036250 0.064167
0 0.724063 0.542917 0.061875 0.072500
0 0.720313 0.482917 0.023125 0.040833
0 0.725313 0.445833 0.028125 0.018333
0 0.739688 0.596250 0.046875 0.072500
0 0.766250 0.485417 0.047500 0.057500
0 0.772500 0.590834 0.035000 0.053333
0 0.797187 0.537083 0.045625 0.057500