0 0.536875 0.551046 0.142500 0.193306
0 0.429375 0.567364 0.082500 0.117154
0 0.435937 0.431799 0.076875 0.128870
0 0.488437 0.366527 0.100625 0.170711
0 0.471875 0.264016 0.056250 0.102929
0 0.508437 0.707531 0.109375 0.107950
0 0.510312 0.184101 0.103125 0.160669
0 0.553125 0.296652 0.087500 0.102929
0 0.553438 0.804602 0.065625 0.151465
0 0.614062 0.217574 0.119375 0.133891
0 0.610000 0.613808 0.088750 0.148117
0 0.633750 0.451046 0.128750 0.174058
0 0.633750 0.784100 0.126250 0.179079
0 0.680937 0.642259 0.126875 0.208369
0 0.678438 0.282008 0.106875 0.180753
0 0.761250 0.471548 0.136250 0.166527
0 0.787187 0.569456 0.069375 0.084518