0 0.185157 0.185938 0.339063 0.368750
0 0.022656 0.071094 0.045313 0.057812
0 0.032813 0.632813 0.065625 0.293750
0 0.057031 0.862500 0.114063 0.271876
0 0.089844 0.022656 0.164063 0.045313
0 0.225000 0.678125 0.300000 0.300000
0 0.224219 0.906250 0.201562 0.159374
0 0.416406 0.935938 0.342188 0.125000
0 0.353906 0.036719 0.207812 0.073437
0 0.423438 0.311719 0.262500 0.273438
0 0.371094 0.126563 0.145312 0.115625
0 0.498437 0.753125 0.365625 0.350000
0 0.516406 0.074219 0.182813 0.148438
0 0.580469 0.171094 0.210938 0.226562
0 0.644532 0.012500 0.135937 0.025000
0 0.700781 0.346094 0.198438 0.220312
0 0.775000 0.753907 0.268750 0.329687
0 0.819532 0.474218 0.357813 0.420313
0 0.833593 0.124218 0.304687 0.248437