0 0.102396 0.797001 0.071870 0.106113
0 0.144899 0.288351 0.082689 0.138409
0 0.142195 0.710496 0.069552 0.106113
0 0.197064 0.512687 0.071097 0.121107
0 0.212519 0.696078 0.075734 0.111880
0 0.218315 0.136678 0.082689 0.130334
0 0.231840 0.598039 0.071097 0.088812
0 0.254250 0.335641 0.069552 0.117647
0 0.274343 0.464245 0.091190 0.132641
0 0.307187 0.574971 0.074962 0.107266
0 0.381375 0.679930 0.073415 0.132641
0 0.504250 0.133795 0.042504 0.059977
0 0.632535 0.079008 0.088872 0.123414
0 0.659969 0.537486 0.078826 0.122261
0 0.676585 0.315455 0.090417 0.118801
0 0.708269 0.476932 0.057960 0.077278
0 0.775502 0.081891 0.073416 0.094579
0 0.812210 0.553056 0.085008 0.109573
0 0.867851 0.361592 0.049459 0.095732
0 0.923879 0.590542 0.078053 0.126874
0 0.924266 0.733564 0.077280 0.117648
0 0.978748 0.600923 0.040958 0.124567
0 0.981067 0.139562 0.036321 0.101499
0 0.984544 0.908304 0.027820 0.109573