0 0.031875 0.524482 0.063750 0.163842
0 0.063437 0.243879 0.114375 0.158193
0 0.091563 0.785311 0.129375 0.182674
0 0.157187 0.917608 0.131875 0.162900
0 0.201875 0.818268 0.108750 0.152543
0 0.236250 0.088983 0.108750 0.177966
0 0.236250 0.685499 0.103750 0.161958
0 0.242813 0.385593 0.116875 0.172316
0 0.308125 0.491526 0.118750 0.163841
0 0.426563 0.681261 0.130625 0.191149
0 0.459375 0.038136 0.108750 0.076271
0 0.536875 0.336629 0.115000 0.174200
0 0.559063 0.673728 0.126875 0.194915
0 0.561250 0.053201 0.100000 0.106403
0 0.661250 0.072504 0.105000 0.145009
0 0.680937 0.630885 0.129375 0.186440
0 0.776875 0.058381 0.108750 0.116761
0 0.855625 0.165725 0.100000 0.182674
0 0.914375 0.752354 0.108750 0.182674
0 0.954375 0.154897 0.090000 0.166667