0 0.146875 0.643797 0.041250 0.063910
0 0.185625 0.608082 0.043750 0.058271
0 0.186250 0.656015 0.042500 0.050752
0 0.223750 0.286184 0.058750 0.049812
0 0.221250 0.171522 0.046250 0.051691
0 0.220625 0.196429 0.042500 0.056391
0 0.243750 0.240131 0.057500 0.061091
0 0.245000 0.381578 0.055000 0.093985
0 0.262188 0.135808 0.028125 0.031015
0 0.275625 0.188909 0.045000 0.041353
0 0.273750 0.161185 0.036250 0.046053
0 0.281250 0.313440 0.051250 0.046052
0 0.300625 0.586466 0.048750 0.073308
0 0.299375 0.234492 0.038750 0.049812
0 0.308438 0.670583 0.043125 0.125000
0 0.310625 0.551222 0.047500 0.109962
0 0.319375 0.273966 0.042500 0.051692
0 0.318125 0.143327 0.032500 0.034774
0 0.329688 0.714286 0.036875 0.073308
0 0.348750 0.222744 0.045000 0.065789
0 0.359687 0.751880 0.061875 0.071429
0 0.347500 0.506109 0.035000 0.038534
0 0.354687 0.610902 0.040625 0.063910
0 0.355938 0.554041 0.038125 0.057331
0 0.359687 0.123590 0.030625 0.051692
0 0.371875 0.797933 0.045000 0.078947
0 0.374375 0.257049 0.042500 0.042294
0 0.375625 0.163064 0.045000 0.057331
0 0.389062 0.681861 0.064375 0.102444
0 0.386250 0.190790 0.050000 0.071429
0 0.391875 0.913534 0.061250 0.090226
0 0.394375 0.609962 0.053750 0.084587
0 0.393125 0.842105 0.041250 0.063910
0 0.396250 0.531955 0.035000 0.078948
0 0.400625 0.486372 0.033750 0.034774
0 0.418750 0.315790 0.061250 0.075187
0 0.425625 0.965226 0.070000 0.067669
0 0.423125 0.660245 0.042500 0.046053
0 0.431250 0.793234 0.051250 0.069549
0 0.434063 0.693609 0.045625 0.067670
0 0.451562 0.884869 0.069375 0.117481
0 0.439063 0.602444 0.040625 0.069549
0 0.446875 0.543233 0.056250 0.071428
0 0.440937 0.496240 0.024375 0.046993
0 0.463750 0.742011 0.053750 0.062970
0 0.462187 0.632989 0.035625 0.096805
0 0.477500 0.474155 0.043750 0.055451
0 0.483125 0.531015 0.047500 0.080827
0 0.489063 0.828477 0.059375 0.062970
0 0.506250 0.903665 0.045000 0.087406
0 0.508437 0.712406 0.028125 0.080828
0 0.520625 0.636748 0.050000 0.057331
0 0.517813 0.517387 0.039375 0.064850
0 0.534687 0.578008 0.041875 0.067669
0 0.543125 0.705357 0.041250 0.059210
0 0.561562 0.774436 0.065625 0.071428
0 0.558125 0.869831 0.051250 0.096804
0 0.568750 0.603383 0.046250 0.075188
0 0.564063 0.545582 0.024375 0.029135
0 0.583125 0.666353 0.052500 0.075188
0 0.601875 0.843985 0.053750 0.105264
0 0.615938 0.815790 0.066875 0.080827
0 0.621875 0.736842 0.062500 0.065790
0 0.620000 0.687970 0.048750 0.024436
0 0.622500 0.627350 0.038750 0.064849
0 0.661875 0.797933 0.051250 0.093985