0 0.007812 0.510416 0.015625 0.065833
0 0.035625 0.631667 0.025000 0.050000
0 0.085312 0.570000 0.046875 0.050000
0 0.113125 0.307917 0.061250 0.077500
0 0.191875 0.861667 0.066250 0.090000
0 0.207813 0.339166 0.059375 0.066667
0 0.221562 0.732500 0.084375 0.096666
0 0.254063 0.236250 0.058125 0.075834
0 0.291563 0.662083 0.091875 0.114167
0 0.299687 0.295834 0.046875 0.053333
0 0.350625 0.757500 0.081250 0.088334
0 0.380625 0.352500 0.030000 0.050000
0 0.489687 0.510417 0.085625 0.107500
0 0.535625 0.392500 0.076250 0.066666
0 0.583750 0.744166 0.068750 0.083333
0 0.821562 0.634583 0.085625 0.120833
0 0.905000 0.833334 0.081250 0.101667
0 0.904375 0.983750 0.070000 0.030834
0 0.928438 0.680833 0.096875 0.096667
0 0.943125 0.786250 0.070000 0.082500
0 0.991875 0.270834 0.015000 0.093333