0 0.051758 0.524088 0.103516 0.324219
0 0.091309 0.229167 0.182617 0.367187
0 0.101562 0.811198 0.203125 0.278646
0 0.180664 0.539714 0.224610 0.334635
0 0.289551 0.781901 0.235352 0.303386
0 0.287598 0.233724 0.217773 0.337240
0 0.416016 0.502604 0.222656 0.338542
0 0.521972 0.220052 0.268555 0.309896
0 0.503907 0.794271 0.224609 0.312500
0 0.634765 0.494141 0.257813 0.373698
0 0.749023 0.762370 0.250000 0.332031
0 0.772949 0.180989 0.231445 0.263021
0 0.884765 0.415364 0.228515 0.364583
0 0.894531 0.913411 0.177734 0.061198
0 0.932617 0.735677 0.132812 0.348958
0 0.945801 0.157552 0.106445 0.195312