0 0.323125 0.055000 0.031250 0.040000
0 0.398750 0.155833 0.032500 0.041667
0 0.414375 0.078334 0.038750 0.036667
0 0.412500 0.117500 0.020000 0.048334
0 0.412500 0.183333 0.020000 0.020000
0 0.436875 0.112500 0.013750 0.021666
0 0.455000 0.619166 0.022500 0.041667
0 0.471875 0.700000 0.028750 0.053334
0 0.483750 0.390000 0.020000 0.033334
0 0.523125 0.404166 0.023750 0.028333
0 0.579375 0.547500 0.036250 0.028334
0 0.576250 0.305000 0.027500 0.020000
0 0.604375 0.247500 0.036250 0.051666
0 0.832500 0.620000 0.027500 0.043334
0 0.836875 0.715834 0.026250 0.041667
0 0.854375 0.742500 0.023750 0.031666
0 0.856875 0.674167 0.013750 0.055000
0 0.907500 0.745000 0.032500 0.036666
0 0.943750 0.728334 0.027500 0.026667
0 0.983125 0.422500 0.031250 0.061666