0 0.881563 0.704503 0.111875 0.133208
0 0.087500 0.854128 0.117500 0.115385
0 0.120312 0.795497 0.083125 0.086304
0 0.183750 0.872421 0.095000 0.136961
0 0.268750 0.855066 0.081250 0.136023
0 0.354688 0.906660 0.116875 0.113509
0 0.346562 0.803002 0.076875 0.071294
0 0.445000 0.823171 0.090000 0.107880
0 0.461562 0.730769 0.084375 0.123827
0 0.527813 0.834428 0.078125 0.107880
0 0.551250 0.726079 0.092500 0.133208
0 0.607187 0.820357 0.073125 0.117261
0 0.755000 0.696060 0.115000 0.131332
0 0.812500 0.621013 0.061250 0.088180
0 0.850313 0.630863 0.085625 0.092870
0 0.955313 0.692307 0.088125 0.161351