0 0.097812 0.229794 0.024375 0.044173
0 0.145937 0.163533 0.038125 0.054511
0 0.318438 0.139568 0.034375 0.047932
0 0.352187 0.143327 0.035625 0.055451
0 0.360000 0.319079 0.041250 0.038534
0 0.364375 0.294643 0.037500 0.049812
0 0.380938 0.533364 0.029375 0.046053
0 0.390313 0.565319 0.024375 0.040413
0 0.418438 0.539004 0.026875 0.034774
0 0.425312 0.059210 0.038125 0.065789
0 0.433750 0.152726 0.042500 0.055451
0 0.439688 0.527725 0.020625 0.042293
0 0.461875 0.012218 0.035000 0.024436
0 0.460313 0.046523 0.026875 0.051691
0 0.465313 0.594924 0.028125 0.043233
0 0.489687 0.321429 0.025625 0.046993
0 0.516875 0.339755 0.035000 0.044173
0 0.548438 0.571898 0.028125 0.031015
0 0.569688 0.490131 0.024375 0.040413
0 0.614375 0.133459 0.040000 0.060151
0 0.624062 0.399436 0.033125 0.052632
0 0.634375 0.205827 0.041250 0.062030
0 0.653438 0.271147 0.025625 0.046053
0 0.682813 0.443139 0.033125 0.038534
0 0.712500 0.273966 0.038750 0.051692
0 0.769375 0.337406 0.040000 0.067670
0 0.816563 0.216635 0.031875 0.047933
0 0.843125 0.429041 0.033750 0.057331
0 0.960312 0.225094 0.031875 0.053572
0 0.986563 0.390508 0.025625 0.049812