0 0.096000 0.250000 0.038000 0.052000
0 0.190500 0.624667 0.031000 0.041333
0 0.240000 0.323333 0.036000 0.054667
0 0.271500 0.536667 0.013000 0.017333
0 0.345000 0.544667 0.016000 0.022667
0 0.398500 0.280666 0.035000 0.041333
0 0.402000 0.245334 0.026000 0.042667
0 0.451500 0.387333 0.025000 0.033333
0 0.458500 0.201334 0.039000 0.042667
0 0.458000 0.486000 0.036000 0.030666
0 0.466000 0.344667 0.036000 0.052000
0 0.495000 0.390000 0.014000 0.049334
0 0.512500 0.328000 0.027000 0.042666
0 0.563500 0.291333 0.021000 0.052000
0 0.611000 0.512667 0.034000 0.052000
0 0.626000 0.386667 0.030000 0.034667
0 0.630500 0.346667 0.035000 0.048000
0 0.635000 0.674000 0.018000 0.036000
0 0.656500 0.470000 0.025000 0.052000
0 0.676000 0.676000 0.016000 0.032000
0 0.687000 0.740667 0.020000 0.030667