0 0.046666 0.733125 0.036667 0.032500
0 0.076250 0.710938 0.040834 0.035625
0 0.077500 0.752812 0.016666 0.030625
0 0.087917 0.892187 0.022500 0.021875
0 0.109166 0.747812 0.006667 0.010625
0 0.162917 0.775000 0.022500 0.041250
0 0.173333 0.874062 0.025000 0.016875
0 0.282500 0.329375 0.043334 0.041250
0 0.289167 0.783750 0.030000 0.051250
0 0.299583 0.521563 0.032500 0.035625
0 0.323333 0.476875 0.043333 0.042500
0 0.324583 0.933125 0.040833 0.032500
0 0.347500 0.365938 0.036666 0.035625
0 0.367916 0.448750 0.035833 0.033750
0 0.385000 0.832187 0.038334 0.035625
0 0.391667 0.792188 0.025000 0.026875
0 0.398750 0.715313 0.039166 0.054375
0 0.409166 0.464063 0.031667 0.034375
0 0.412500 0.812500 0.030000 0.023750
0 0.439584 0.276250 0.084167 0.061250
0 0.443333 0.412813 0.050000 0.044375
0 0.445417 0.711875 0.040833 0.041250
0 0.477500 0.575313 0.050000 0.030625
0 0.520417 0.233438 0.054167 0.016875
0 0.509166 0.950937 0.026667 0.034375
0 0.537500 0.607500 0.048334 0.037500
0 0.559167 0.966250 0.036667 0.037500
0 0.563750 0.702500 0.040834 0.038750
0 0.647917 0.395000 0.059167 0.032500
0 0.651667 0.559688 0.043333 0.030625
0 0.642500 0.764063 0.020000 0.029375
0 0.667500 0.579375 0.061666 0.042500
0 0.733333 0.507812 0.043333 0.043125
0 0.755000 0.323438 0.055000 0.039375
0 0.846250 0.828125 0.064166 0.037500
0 0.850833 0.540937 0.055000 0.048125
0 0.880417 0.617812 0.035833 0.044375
0 0.898750 0.350938 0.072500 0.049375
0 0.920416 0.634062 0.020833 0.025625
0 0.944167 0.284062 0.041667 0.025625
0 0.952083 0.324063 0.057500 0.061875
0 0.947917 0.879375 0.034167 0.023750
0 0.969584 0.785625 0.059167 0.051250
0 0.985417 0.305312 0.027500 0.048125
0 0.993333 0.794063 0.011667 0.030625