0 0.409062 0.418546 0.079375 0.083542
0 0.039062 0.639516 0.058125 0.089391
0 0.089375 0.608605 0.073750 0.096074
0 0.165938 0.281120 0.054375 0.072681
0 0.196250 0.241855 0.060000 0.069340
0 0.197500 0.349624 0.042500 0.035924
0 0.233750 0.586049 0.050000 0.082707
0 0.589063 0.303676 0.019375 0.034252
0 0.619687 0.304511 0.020625 0.025898
0 0.635000 0.289891 0.026250 0.031746
0 0.704688 0.175438 0.049375 0.056809
0 0.712187 0.558480 0.010625 0.030911
0 0.731563 0.220969 0.033125 0.044278
0 0.729688 0.582707 0.024375 0.027569
0 0.765312 0.588555 0.015625 0.035923
0 0.769062 0.555973 0.023125 0.025898
0 0.780000 0.708438 0.037500 0.031746
0 0.781875 0.230577 0.028750 0.046783
0 0.787813 0.653300 0.024375 0.041771
0 0.787813 0.614452 0.021875 0.035923
0 0.800625 0.508772 0.035000 0.041771
0 0.797187 0.461570 0.020625 0.032581
0 0.799063 0.676692 0.021875 0.046784
0 0.823750 0.453634 0.027500 0.035088
0 0.836562 0.497494 0.026875 0.049290
0 0.853438 0.461153 0.031875 0.050126
0 0.870937 0.500000 0.018125 0.037594
0 0.885625 0.473267 0.027500 0.045949
0 0.886250 0.536341 0.026250 0.048454
0 0.926875 0.459065 0.016250 0.027569
0 0.930937 0.484545 0.021875 0.035088
0 0.938438 0.138262 0.031875 0.037594
0 0.962812 0.207184 0.026875 0.041771
0 0.966875 0.084795 0.035000 0.040936
0 0.984687 0.373434 0.029375 0.043442
0 0.985938 0.232248 0.026875 0.036759