0 0.392731 0.634375 0.157093 0.081250
0 0.119578 0.579687 0.124268 0.084375
0 0.214537 0.528516 0.103166 0.060157
0 0.290739 0.560156 0.053927 0.051563
0 0.349942 0.487891 0.090269 0.061719
0 0.382767 0.557422 0.109027 0.057032
0 0.434349 0.479688 0.092615 0.085937
0 0.460140 0.426953 0.109027 0.057031
0 0.493552 0.532031 0.112544 0.067188
0 0.502931 0.599610 0.100820 0.072657
0 0.597889 0.634765 0.152403 0.077343
0 0.582649 0.438281 0.079719 0.065625
0 0.593786 0.492578 0.087925 0.060156
0 0.640680 0.566797 0.097304 0.058594
0 0.688159 0.451172 0.084408 0.060156
0 0.722157 0.634765 0.152404 0.077343
0 0.701055 0.494922 0.084408 0.058594
0 0.763188 0.556641 0.100821 0.064844
0 0.787807 0.497657 0.072685 0.053125
0 0.818874 0.541407 0.118405 0.065625
0 0.849355 0.614062 0.134818 0.067187
0 0.892145 0.600782 0.105510 0.070313
0 0.922626 0.580859 0.079718 0.082031