0 0.203419 0.540868 0.020513 0.026820
0 0.234188 0.610472 0.030770 0.028097
0 0.242735 0.544700 0.013676 0.029374
0 0.253846 0.492337 0.029060 0.011494
0 0.291453 0.574712 0.029060 0.025543
0 0.298291 0.281609 0.029060 0.029374
0 0.309401 0.590677 0.020513 0.037037
0 0.336752 0.621967 0.020513 0.025543
0 0.346154 0.544700 0.025641 0.019157
0 0.364957 0.064495 0.022222 0.026819
0 0.371795 0.019796 0.035898 0.021711
0 0.380342 0.487229 0.029060 0.019157
0 0.417094 0.053002 0.044444 0.014049
0 0.411111 0.618774 0.029060 0.019157
0 0.415384 0.667305 0.013675 0.026820
0 0.423932 0.469988 0.017094 0.010217
0 0.429914 0.583653 0.029059 0.028097
0 0.456410 0.501277 0.020513 0.026820
0 0.472650 0.645594 0.025641 0.021712
0 0.483761 0.505747 0.037607 0.017880
0 0.495727 0.697318 0.027351 0.030652
0 0.496581 0.586207 0.022222 0.020434
0 0.509402 0.673691 0.027351 0.024266
0 0.554701 0.686462 0.035898 0.011494
0 0.564102 0.519795 0.044445 0.015325
0 0.573504 0.483397 0.049573 0.026820
0 0.585471 0.163474 0.025641 0.017880
0 0.594017 0.681353 0.029060 0.019157
0 0.600000 0.115581 0.030770 0.026820
0 0.619658 0.329502 0.056410 0.033206
0 0.609402 0.697318 0.018803 0.012772
0 0.653846 0.503192 0.052992 0.028097
0 0.666666 0.431673 0.037607 0.025542
0 0.708547 0.401022 0.032478 0.025543
0 0.724787 0.642401 0.027351 0.028098
0 0.725642 0.255428 0.025641 0.022988
0 0.725642 0.666028 0.025641 0.019157
0 0.734188 0.697956 0.029060 0.011495
0 0.753846 0.551086 0.030769 0.021711
0 0.756410 0.273946 0.035897 0.024265
0 0.748718 0.729246 0.013676 0.010217
0 0.777778 0.515964 0.034188 0.035760
0 0.782906 0.142401 0.030770 0.024266
0 0.780342 0.176245 0.022222 0.020434
0 0.795727 0.566411 0.029059 0.031928
0 0.800000 0.369732 0.023932 0.026820
0 0.834188 0.476373 0.034188 0.040868
0 0.950427 0.661558 0.027351 0.020434
0 0.967521 0.676883 0.034188 0.010217