0 0.575000 0.658571 0.082000 0.082857
0 0.303000 0.312142 0.046000 0.067143
0 0.327000 0.343571 0.040000 0.050000
0 0.340500 0.538571 0.043000 0.074285
0 0.361500 0.619285 0.047000 0.098571
0 0.388500 0.557857 0.043000 0.078572
0 0.394500 0.323572 0.051000 0.055715
0 0.390500 0.492143 0.027000 0.055714
0 0.399500 0.291428 0.035000 0.042857
0 0.413000 0.452143 0.054000 0.087143
0 0.413500 0.317857 0.047000 0.044286
0 0.416500 0.629285 0.039000 0.061429
0 0.420500 0.500000 0.039000 0.071428
0 0.430500 0.280000 0.033000 0.031428
0 0.440000 0.484286 0.022000 0.060000
0 0.452500 0.267143 0.031000 0.040000
0 0.463500 0.584286 0.041000 0.094286
0 0.465500 0.307143 0.033000 0.034286
0 0.481000 0.490000 0.044000 0.071428
0 0.479500 0.268572 0.025000 0.031429
0 0.493500 0.661428 0.043000 0.114285
0 0.501000 0.300714 0.026000 0.038571
0 0.512500 0.247142 0.021000 0.042857
0 0.524500 0.580715 0.043000 0.087143
0 0.535500 0.369286 0.043000 0.058571
0 0.530500 0.264286 0.015000 0.034286
0 0.563000 0.466429 0.068000 0.092857
0 0.565000 0.327143 0.032000 0.074286
0 0.592000 0.559285 0.064000 0.132857
0 0.582500 0.268572 0.033000 0.045715
0 0.606000 0.306429 0.042000 0.050000
0 0.605500 0.395000 0.035000 0.050000
0 0.627500 0.297143 0.033000 0.042857
0 0.632000 0.380714 0.032000 0.067143
0 0.666500 0.647142 0.069000 0.122857
0 0.664000 0.553571 0.052000 0.124285
0 0.661000 0.296429 0.026000 0.047143
0 0.715000 0.500000 0.044000 0.085714
0 0.779000 0.549285 0.094000 0.127143
0 0.784000 0.484286 0.086000 0.105714
0 0.816500 0.645000 0.067000 0.107142
0 0.828500 0.553571 0.073000 0.078571
0 0.900500 0.466429 0.063000 0.070000
0 0.911500 0.635714 0.071000 0.100000
0 0.914000 0.545000 0.060000 0.070000
0 0.965500 0.565715 0.059000 0.111429
0 0.960500 0.474285 0.043000 0.077143
0 0.985000 0.636428 0.028000 0.098571