0 0.546094 0.560937 0.126563 0.112501
0 0.014844 0.391406 0.029687 0.060937
0 0.416407 0.521093 0.110937 0.089063
0 0.460938 0.460938 0.084375 0.074999
0 0.538282 0.435937 0.070313 0.090625
0 0.589063 0.486718 0.093750 0.098437
0 0.687500 0.513281 0.090626 0.085937
0 0.696874 0.742188 0.078125 0.115625
0 0.710156 0.640625 0.064063 0.065624
0 0.749219 0.578125 0.095312 0.106250
0 0.771875 0.660937 0.087500 0.037501
0 0.811719 0.725000 0.129687 0.106250
0 0.862501 0.590625 0.078125 0.087500
0 0.902344 0.731249 0.117188 0.115625
0 0.931250 0.552344 0.071876 0.079688
0 0.932032 0.367969 0.070313 0.048438
0 0.933594 0.633594 0.054688 0.057812
0 0.963282 0.696875 0.070313 0.103126
0 0.986719 0.410157 0.023438 0.079687