0 0.353515 0.644531 0.117187 0.143229
0 0.065430 0.578125 0.130859 0.114584
0 0.122070 0.531250 0.080078 0.145834
0 0.233399 0.492188 0.080079 0.088541
0 0.436524 0.513021 0.095703 0.119792
0 0.434570 0.700521 0.033203 0.031250
0 0.440430 0.625000 0.037109 0.098958
0 0.667968 0.598958 0.054687 0.046875
0 0.755860 0.513021 0.039063 0.098958
0 0.833008 0.481771 0.099609 0.104166
0 0.932617 0.442709 0.087890 0.078125
0 0.957032 0.625000 0.070313 0.098958
0 0.961914 0.559896 0.072266 0.062500
0 0.981445 0.408854 0.033203 0.114584
0 0.987305 0.489583 0.021485 0.093750