0 0.062812 0.576250 0.080625 0.097500
0 0.067812 0.976250 0.050625 0.045834
0 0.068750 0.140000 0.041250 0.061666
0 0.068750 0.093333 0.036250 0.051667
0 0.076875 0.450834 0.035000 0.053333
0 0.157500 0.360833 0.033750 0.055000
0 0.176563 0.321667 0.011875 0.043333
0 0.182812 0.303750 0.021875 0.037500
0 0.215625 0.247083 0.033750 0.037500
0 0.371563 0.020417 0.019375 0.035833
0 0.452813 0.456667 0.073125 0.103333
0 0.585625 0.010834 0.037500 0.021667
0 0.609687 0.445833 0.054375 0.063333
0 0.698438 0.147083 0.053125 0.092500
0 0.956562 0.110000 0.058125 0.081666