0 0.338649 0.340000 0.088180 0.120000
0 0.026267 0.435000 0.052533 0.170000
0 0.027204 0.573750 0.054409 0.122500
0 0.045028 0.781250 0.090056 0.147500
0 0.075047 0.912500 0.142589 0.170000
0 0.127580 0.540000 0.131332 0.115000
0 0.143527 0.436250 0.106942 0.107500
0 0.161351 0.816250 0.127580 0.187500
0 0.206379 0.935000 0.123828 0.125000
0 0.211070 0.376250 0.076923 0.087500
0 0.264540 0.816250 0.127580 0.207500
0 0.269231 0.623750 0.118199 0.167500
0 0.278612 0.323750 0.103189 0.137500
0 0.335834 0.167500 0.097561 0.120000
0 0.373358 0.903750 0.153846 0.152500
0 0.355535 0.582500 0.088180 0.115000
0 0.378987 0.745000 0.123828 0.165000
0 0.436210 0.145000 0.084428 0.100000
0 0.463414 0.527500 0.097561 0.140000
0 0.485928 0.648750 0.116323 0.127500
0 0.519700 0.903750 0.131332 0.187500
0 0.541276 0.123750 0.061914 0.087500
0 0.574109 0.497500 0.093808 0.110000
0 0.599438 0.747500 0.118199 0.160000
0 0.606004 0.423750 0.082552 0.102500
0 0.651032 0.940000 0.150094 0.115000
0 0.616322 0.330000 0.073171 0.095000
0 0.627580 0.178750 0.069418 0.112500
0 0.670732 0.291250 0.065666 0.107500
0 0.708255 0.845000 0.140713 0.155000
0 0.680113 0.560000 0.076923 0.125000
0 0.700751 0.401250 0.080675 0.072500
0 0.694184 0.110000 0.052533 0.085000
0 0.717636 0.725000 0.091932 0.125000
0 0.735459 0.263750 0.052533 0.082500
0 0.745779 0.178750 0.065666 0.077500
0 0.742026 0.132500 0.046904 0.060000
0 0.799250 0.833750 0.108818 0.152500
0 0.799249 0.571250 0.090057 0.137500
0 0.801125 0.685000 0.078799 0.145000
0 0.798312 0.266250 0.061913 0.107500
0 0.858349 0.337500 0.073170 0.110000
0 0.865854 0.710000 0.050657 0.150000
0 0.906192 0.706250 0.048781 0.132500
0 0.922138 0.598750 0.076923 0.107500
0 0.950282 0.491250 0.095685 0.112500
0 0.980301 0.588750 0.035647 0.117500