0 0.325000 0.529862 0.118750 0.105608
0 0.027813 0.947560 0.055625 0.065550
0 0.138750 0.360525 0.068750 0.097597
0 0.156562 0.620903 0.045625 0.083758
0 0.162812 0.669701 0.055625 0.054625
0 0.191562 0.322651 0.036875 0.039330
0 0.215938 0.379097 0.055625 0.063365
0 0.300000 0.422797 0.067500 0.099782
0 0.396250 0.458121 0.075000 0.087400
0 0.454375 0.798252 0.067500 0.126730
0 0.476562 0.196650 0.046875 0.075747
0 0.503750 0.901676 0.075000 0.068463
0 0.519062 0.550619 0.079375 0.128186
0 0.531563 0.285870 0.069375 0.092498
0 0.533750 0.163146 0.058750 0.084487
0 0.583125 0.063001 0.092500 0.126001
0 0.573750 0.917699 0.065000 0.067007
0 0.620000 0.875819 0.072500 0.075018
0 0.661250 0.429716 0.092500 0.144210
0 0.894688 0.903132 0.061875 0.083030
0 0.926250 0.238528 0.057500 0.128915
0 0.965625 0.875819 0.066250 0.099781
0 0.983750 0.389294 0.031250 0.073561