0 0.062500 0.768334 0.125000 0.163333
0 0.281562 0.284167 0.563125 0.566667
0 0.172813 0.777083 0.085625 0.122500
0 0.245625 0.641667 0.120000 0.165000
0 0.233750 0.798334 0.072500 0.103333
0 0.341562 0.976250 0.058125 0.045834
0 0.410000 0.609583 0.120000 0.135833
0 0.448125 0.485000 0.113750 0.155000
0 0.438750 0.933750 0.072500 0.090834
0 0.555312 0.512084 0.098125 0.129167
0 0.769688 0.085833 0.395625 0.171667
0 0.653438 0.199166 0.136875 0.171667
0 0.656562 0.515833 0.089375 0.103333
0 0.763750 0.677084 0.052500 0.060833
0 0.783750 0.599583 0.051250 0.077500
0 0.801250 0.471250 0.071250 0.092500
0 0.821250 0.695000 0.046250 0.061666
0 0.902813 0.439584 0.051875 0.074167
0 0.905000 0.487500 0.038750 0.046666
0 0.910312 0.542916 0.046875 0.074167