0 0.377500 0.770000 0.147500 0.188334
0 0.163750 0.352917 0.111250 0.164167
0 0.192188 0.523334 0.131875 0.163333
0 0.251563 0.285834 0.100625 0.143333
0 0.278438 0.402083 0.131875 0.140833
0 0.312812 0.557083 0.148125 0.172500
0 0.283125 0.687917 0.081250 0.175833
0 0.300312 0.156667 0.100625 0.146667
0 0.348750 0.301250 0.081250 0.115834
0 0.372812 0.644166 0.088125 0.098333
0 0.384062 0.201250 0.096875 0.139166
0 0.392188 0.412083 0.088125 0.127500
0 0.454375 0.293750 0.118750 0.127500
0 0.460625 0.507917 0.131250 0.167500
0 0.469688 0.389166 0.121875 0.101667
0 0.471562 0.652500 0.101875 0.136666
0 0.498750 0.187500 0.110000 0.115000
0 0.526563 0.720000 0.124375 0.153334
0 0.536875 0.396667 0.077500 0.110000
0 0.558750 0.116250 0.103750 0.124166
0 0.566563 0.306250 0.103125 0.145834
0 0.589063 0.556666 0.128125 0.151667
0 0.587187 0.218333 0.093125 0.091667
0 0.607187 0.479583 0.094375 0.117500
0 0.612500 0.707083 0.081250 0.127500
0 0.615625 0.347917 0.062500 0.122500
0 0.649687 0.172083 0.101875 0.142500
0 0.654375 0.285417 0.062500 0.084167
0 0.683437 0.389584 0.111875 0.134167
0 0.696250 0.114167 0.076250 0.093333
0 0.719688 0.639583 0.109375 0.137500
0 0.733437 0.223333 0.095625 0.105000
0 0.766875 0.321667 0.116250 0.143333
0 0.781250 0.505000 0.116250 0.161666
0 0.799063 0.605000 0.066875 0.113334
0 0.850000 0.386667 0.081250 0.110000
0 0.869062 0.484583 0.098125 0.137500