0 0.183504 0.784062 0.345268 0.374375
0 0.075128 0.947812 0.150256 0.103125
0 0.194374 0.617813 0.276215 0.156875
0 0.307865 0.978438 0.220589 0.040625
0 0.372443 0.892813 0.174553 0.184375
0 0.525575 0.743750 0.309463 0.275000
0 0.500959 0.582812 0.179668 0.076875
0 0.595268 0.937188 0.263427 0.123125
0 0.621483 0.548750 0.148337 0.121250
0 0.698529 0.978750 0.246163 0.041250
0 0.734974 0.672500 0.278133 0.246250
0 0.647698 0.372188 0.029412 0.044375
0 0.655691 0.387500 0.045397 0.065000
0 0.694053 0.395000 0.073529 0.070000
0 0.830883 0.889687 0.336957 0.219375
0 0.739451 0.412813 0.059463 0.054375
0 0.778772 0.425625 0.051151 0.042500
0 0.812979 0.343125 0.069693 0.051250
0 0.891624 0.604375 0.212916 0.195000
0 0.836637 0.425625 0.064578 0.060000
0 0.873082 0.415312 0.050512 0.053125
0 0.878197 0.341875 0.050512 0.046250
0 0.894181 0.274375 0.074809 0.065000
0 0.934144 0.781875 0.130435 0.232500
0 0.912404 0.376250 0.076726 0.036250
0 0.925831 0.333750 0.071611 0.070000
0 0.944693 0.433438 0.109335 0.129375
0 0.933504 0.234375 0.070332 0.066250
0 0.981139 0.328438 0.036445 0.080625
0 0.983056 0.222500 0.032609 0.066250