0 0.189375 0.790490 0.086250 0.132769
0 0.070000 0.947269 0.056250 0.103578
0 0.115625 0.977401 0.103750 0.043314
0 0.146250 0.899246 0.065000 0.077213
0 0.190938 0.900659 0.078125 0.063088
0 0.172500 0.962335 0.038750 0.064030
0 0.218125 0.925612 0.070000 0.094162
0 0.246562 0.849341 0.080625 0.069680
0 0.260938 0.723634 0.069375 0.115819
0 0.282813 0.967514 0.099375 0.063088
0 0.306562 0.884181 0.055625 0.103578
0 0.306563 0.775894 0.036875 0.080979
0 0.323125 0.580037 0.065000 0.075329
0 0.339375 0.668079 0.095000 0.134652
0 0.361563 0.911017 0.073125 0.123352
0 0.373125 0.478813 0.096250 0.115819
0 0.355313 0.786723 0.026875 0.095104
0 0.394688 0.922787 0.078125 0.111111
0 0.385313 0.794257 0.048125 0.121469
0 0.377188 0.612994 0.026875 0.045198
0 0.402188 0.397834 0.069375 0.093220
0 0.437812 0.269774 0.091875 0.110170
0 0.439063 0.679379 0.094375 0.134651
0 0.423125 0.819680 0.027500 0.098870
0 0.450625 0.800377 0.048750 0.097929
0 0.468438 0.418079 0.069375 0.097928
0 0.473125 0.478813 0.072500 0.104519
0 0.506250 0.696798 0.108750 0.146893
0 0.512188 0.549435 0.086875 0.117702
0 0.525625 0.294256 0.062500 0.113936
0 0.542813 0.421845 0.066875 0.137477
0 0.544375 0.069680 0.046250 0.139360
0 0.586875 0.163371 0.098750 0.098870
0 0.599375 0.534840 0.107500 0.135594
0 0.574375 0.091808 0.050000 0.095104
0 0.630625 0.342749 0.142500 0.203389
0 0.596562 0.028248 0.071875 0.056497
0 0.635938 0.072504 0.073125 0.145009
0 0.662813 0.216572 0.058125 0.088513
0 0.694375 0.439265 0.107500 0.140301
0 0.695312 0.089925 0.091875 0.168550
0 0.719062 0.208569 0.065625 0.104520
0 0.734375 0.329097 0.088750 0.091337
0 0.733125 0.023069 0.055000 0.046139
0 0.768437 0.114877 0.054375 0.129943
0 0.800000 0.244350 0.096250 0.168550
0 0.803125 0.042373 0.092500 0.084746
0 0.827500 0.102636 0.102500 0.092279
0 0.877500 0.214690 0.095000 0.150659