0 0.768750 0.886718 0.193750 0.173437
0 0.187500 0.560938 0.231250 0.115625
0 0.205468 0.404687 0.210937 0.103125
0 0.217188 0.250781 0.212501 0.114063
0 0.220312 0.120312 0.218751 0.109375
0 0.221875 0.854688 0.221875 0.190625
0 0.435157 0.170312 0.148437 0.237500
0 0.536718 0.689063 0.148437 0.168750
0 0.630468 0.150000 0.117187 0.228125
0 0.652343 0.399219 0.148437 0.120312
0 0.742188 0.522657 0.159375 0.117187
0 0.780469 0.646875 0.160937 0.118750
0 0.806249 0.146094 0.140625 0.232813
0 0.820312 0.375000 0.134375 0.125000