0 0.675625 0.314167 0.288750 0.295000
0 0.346875 0.220000 0.143750 0.246666
0 0.515625 0.558333 0.343750 0.346667
0 0.469375 0.048334 0.163750 0.096667
0 0.464375 0.339166 0.141250 0.101667
0 0.500625 0.161666 0.213750 0.243333
0 0.706250 0.135000 0.217500 0.243334
0 0.768750 0.561667 0.187500 0.290000
0 0.780625 0.030000 0.108750 0.060000
0 0.842500 0.206667 0.175000 0.303333
0 0.899375 0.083334 0.088750 0.166667
0 0.932500 0.633333 0.132500 0.240000
0 0.952500 0.339166 0.092500 0.251667
0 0.966875 0.199167 0.056250 0.115000
0 0.971250 0.095000 0.055000 0.143334