0 0.742812 0.804409 0.131875 0.141651
0 0.281562 0.734990 0.116875 0.126641
0 0.427813 0.732177 0.131875 0.121013
0 0.545000 0.729831 0.097500 0.166980
0 0.628750 0.808161 0.096250 0.115385
0 0.666562 0.712476 0.108125 0.121013
0 0.714687 0.619606 0.073125 0.104128
0 0.783125 0.683865 0.097500 0.133208
0 0.840938 0.623358 0.064375 0.115385
0 0.880625 0.531426 0.092500 0.113508
0 0.946562 0.816135 0.098125 0.166980
0 0.947812 0.686679 0.080625 0.103190
0 0.958125 0.610694 0.047500 0.028142
0 0.973125 0.554878 0.052500 0.066604