0 0.390713 0.100312 0.030956 0.034375
0 0.401501 0.050937 0.020638 0.020625
0 0.550188 0.126875 0.060975 0.015000
0 0.560037 0.046562 0.015009 0.021875
0 0.608818 0.059375 0.041276 0.023750
0 0.665572 0.008438 0.030957 0.016875
0 0.692777 0.049063 0.038462 0.016875
0 0.727017 0.010625 0.046904 0.018750
0 0.765010 0.050938 0.040337 0.036875
0 0.787523 0.008438 0.038461 0.016875
0 0.894935 0.137813 0.007505 0.010625
0 0.929175 0.134687 0.045967 0.030625
0 0.924015 0.065312 0.020638 0.025625
0 0.962946 0.010937 0.066604 0.021875
0 0.957786 0.156875 0.030018 0.027500