0 0.017500 0.401182 0.035000 0.126689
0 0.020625 0.198480 0.041250 0.072635
0 0.022500 0.271960 0.045000 0.128379
0 0.025625 0.131756 0.051250 0.060811
0 0.075000 0.754223 0.150000 0.255068
0 0.106875 0.932432 0.213750 0.131757
0 0.116875 0.546453 0.218750 0.244933
0 0.063125 0.278717 0.056250 0.094595
0 0.096875 0.334460 0.113750 0.121621
0 0.065625 0.184122 0.036250 0.091216
0 0.086250 0.173142 0.020000 0.059122
0 0.126875 0.271115 0.071250 0.069257
0 0.135000 0.222973 0.057500 0.060810
0 0.168750 0.211994 0.060000 0.092905
0 0.272500 0.769425 0.252500 0.288851
0 0.209375 0.304899 0.103750 0.076013
0 0.214375 0.244088 0.063750 0.045608
0 0.286250 0.488175 0.150000 0.192567
0 0.276875 0.290540 0.056250 0.047297
0 0.310625 0.345439 0.106250 0.099662
0 0.388125 0.902027 0.236250 0.192568
0 0.359375 0.315879 0.051250 0.094595
0 0.387500 0.453547 0.065000 0.069257
0 0.391875 0.383446 0.056250 0.070946
0 0.421250 0.324324 0.060000 0.047297
0 0.435625 0.412162 0.086250 0.108108
0 0.528125 0.430743 0.156250 0.179054
0 0.580000 0.312500 0.122500 0.135136
0 0.599375 0.897804 0.128750 0.201014
0 0.615625 0.684121 0.153750 0.277027
0 0.675000 0.498311 0.162500 0.182432
0 0.642500 0.309121 0.065000 0.101351
0 0.665000 0.344595 0.102500 0.070946
0 0.703750 0.951858 0.065000 0.086148
0 0.736250 0.267736 0.122500 0.136825
0 0.745625 0.691723 0.128750 0.241554
0 0.821875 0.940034 0.221250 0.116554
0 0.783750 0.393582 0.142500 0.206081
0 0.835000 0.576014 0.135000 0.192567
0 0.875625 0.837838 0.216250 0.256757
0 0.851875 0.190034 0.081250 0.133446
0 0.896250 0.313344 0.102500 0.113175
0 0.897500 0.444256 0.085000 0.172297
0 0.940625 0.723818 0.116250 0.221283
0 0.950000 0.563345 0.097500 0.143581
0 0.960625 0.422297 0.061250 0.138513
0 0.964375 0.931588 0.068750 0.133446
0 0.967500 0.263513 0.062500 0.182433