0 0.683125 0.533333 0.105000 0.135000
0 0.012813 0.387500 0.015625 0.046666
0 0.029063 0.396667 0.011875 0.045000
0 0.047812 0.400834 0.008125 0.046667
0 0.052812 0.422500 0.018125 0.068334
0 0.072188 0.420833 0.018125 0.061667
0 0.087813 0.428334 0.020625 0.056667
0 0.105313 0.452500 0.016875 0.056666
0 0.143437 0.456250 0.030625 0.060834
0 0.168125 0.469167 0.031250 0.065000
0 0.201563 0.471667 0.030625 0.060000
0 0.221250 0.487917 0.038750 0.082500
0 0.248750 0.505417 0.025000 0.089167
0 0.273125 0.512083 0.035000 0.082500
0 0.310000 0.515417 0.046250 0.089167
0 0.345625 0.537917 0.068750 0.082500
0 0.343750 0.683333 0.033750 0.053333
0 0.343438 0.638750 0.020625 0.067500
0 0.372500 0.646250 0.037500 0.072500
0 0.374062 0.707500 0.034375 0.066666
0 0.392813 0.557083 0.061875 0.117500
0 0.406250 0.463750 0.042500 0.075834
0 0.420937 0.665416 0.059375 0.085833
0 0.421563 0.373750 0.058125 0.084166
0 0.428750 0.290834 0.043750 0.063333
0 0.439375 0.753333 0.046250 0.090000
0 0.452812 0.577500 0.065625 0.110000
0 0.457812 0.465417 0.055625 0.082500
0 0.469688 0.381250 0.070625 0.089166
0 0.469063 0.299583 0.054375 0.067500
0 0.470313 0.701667 0.046875 0.090000
0 0.491563 0.797083 0.073125 0.094167
0 0.514687 0.597500 0.089375 0.118334
0 0.516250 0.490834 0.078750 0.108333
0 0.517500 0.387917 0.066250 0.082500
0 0.527188 0.307917 0.061875 0.087500
0 0.531562 0.717083 0.063125 0.099167
0 0.558125 0.825416 0.070000 0.089167
0 0.597500 0.623333 0.117500 0.140000
0 0.595625 0.397500 0.090000 0.098334
0 0.585938 0.302917 0.063125 0.077500
0 0.612812 0.753333 0.101875 0.106667
0 0.638750 0.865416 0.088750 0.124167
0 0.660937 0.417083 0.096875 0.130833
0 0.656875 0.311250 0.073750 0.084166
0 0.695000 0.670416 0.116250 0.130833
0 0.716562 0.782500 0.096875 0.113334
0 0.742812 0.303750 0.098125 0.120834
0 0.771875 0.570000 0.100000 0.146666
0 0.809375 0.702083 0.105000 0.129167
0 0.816562 0.809166 0.090625 0.088333
0 0.843438 0.338333 0.134375 0.155000
0 0.863125 0.460417 0.113750 0.114167
0 0.879687 0.587917 0.093125 0.130833
0 0.904062 0.726666 0.100625 0.118333