0 0.783691 0.649705 0.075195 0.095870
0 0.457032 0.717552 0.050781 0.066371
0 0.496582 0.642331 0.049804 0.075221
0 0.550782 0.806785 0.050781 0.076696
0 0.550782 0.741888 0.042969 0.053098
0 0.561524 0.614307 0.039063 0.048672
0 0.584960 0.446903 0.046875 0.061947
0 0.660644 0.637906 0.059571 0.084071
0 0.685059 0.287610 0.045899 0.064897
0 0.721680 0.612831 0.062500 0.075221
0 0.764649 0.112095 0.054687 0.112095
0 0.770508 0.317109 0.066406 0.100295
0 0.841797 0.082596 0.068360 0.109144
0 0.842285 0.202803 0.045898 0.116519
0 0.899902 0.276549 0.069336 0.110619
0 0.935059 0.708702 0.053711 0.095870
0 0.948242 0.829646 0.050781 0.122418
0 0.984863 0.482301 0.028320 0.079646