0 0.373125 0.287524 0.086250 0.104127
0 0.182500 0.543621 0.103750 0.197936
0 0.256563 0.460131 0.136875 0.192308
0 0.283438 0.689493 0.136875 0.178237
0 0.322500 0.338649 0.061250 0.050656
0 0.386563 0.186679 0.084375 0.127580
0 0.385313 0.380863 0.059375 0.033772
0 0.423750 0.122420 0.080000 0.106004
0 0.432187 0.246248 0.080625 0.085366
0 0.439063 0.331614 0.071875 0.109757
0 0.473750 0.197467 0.056250 0.102252
0 0.470000 0.397280 0.041250 0.062851
0 0.490938 0.266417 0.039375 0.067543
0 0.507812 0.315666 0.065625 0.096622
0 0.533438 0.404784 0.078125 0.106004
0 0.537187 0.220450 0.053125 0.071295
0 0.565937 0.254691 0.071875 0.117261
0 0.628750 0.592401 0.168750 0.158537
0 0.623750 0.769231 0.151250 0.208255
0 0.596562 0.465291 0.074375 0.084428
0 0.605625 0.341463 0.061250 0.105065
0 0.627500 0.162758 0.073750 0.094746
0 0.651875 0.389774 0.085000 0.121013
0 0.666562 0.260788 0.095625 0.090056
0 0.671563 0.480769 0.085625 0.104128
0 0.740312 0.730769 0.091875 0.212008
0 0.749062 0.248124 0.084375 0.092870
0 0.762188 0.488274 0.079375 0.119137
0 0.772813 0.348499 0.088125 0.115384
0 0.770625 0.546904 0.050000 0.063790
0 0.823125 0.269231 0.096250 0.146342
0 0.821562 0.465291 0.036875 0.088180
0 0.846562 0.367260 0.056875 0.096623
0 0.882500 0.306754 0.031250 0.048780