0 0.098437 0.617233 0.110937 0.116061
0 0.028515 0.600235 0.057031 0.121923
0 0.031250 0.726260 0.062500 0.123095
0 0.122265 0.726846 0.166407 0.100821
0 0.150391 0.347010 0.055469 0.058617
0 0.164844 0.540445 0.065625 0.065651
0 0.195312 0.354045 0.051563 0.028136
0 0.183594 0.309496 0.020312 0.039860
0 0.226172 0.641852 0.089844 0.106682
0 0.209375 0.485346 0.054688 0.091442
0 0.210938 0.322391 0.051563 0.046893
0 0.268750 0.709261 0.134376 0.119578
0 0.228125 0.285463 0.037500 0.050410
0 0.251172 0.569754 0.078906 0.119578
0 0.261719 0.336459 0.050000 0.039859
0 0.268751 0.488277 0.059375 0.062133
0 0.276953 0.288394 0.035156 0.049238
0 0.298438 0.298945 0.039063 0.058616
0 0.328515 0.593200 0.071093 0.107855
0 0.344141 0.339976 0.060156 0.032825
0 0.366797 0.645955 0.100782 0.133646
0 0.339844 0.301876 0.037500 0.029308
0 0.355468 0.285463 0.053125 0.038687
0 0.424609 0.565065 0.077343 0.110199
0 0.544531 0.328253 0.015625 0.035170
0 0.544531 0.358734 0.007812 0.023446
0 0.578516 0.369871 0.027344 0.036342
0 0.609766 0.369285 0.035156 0.044548
0 0.642969 0.376905 0.026563 0.029308
0 0.668750 0.364596 0.021876 0.023447
0 0.734375 0.335287 0.037500 0.035170
0 0.774609 0.340563 0.027343 0.055100
0 0.844922 0.361079 0.025782 0.042204
0 0.909376 0.349355 0.046875 0.042204