Orange 588.99968 430.00004 826.999808 618.00032
Orange 341.999616 557.00024 517.999616 678.99972
Orange 490.999808 586.0002 709.999616 678.99972
Orange 506.999808 161.9998 682.000384 350.99967999999996
Orange 574.999552 282.99968 622.000128 448.99992000000003
Orange 709.999616 154.00028 853.999616 193.99992
Orange 718.999552 613.99988 913.000448 678.99972
Orange 830.999552 170.0 922.000384 214.00008
Orange 846.999552 486.00007999999997 1022.999552 678.00012
Orange 949.999616 178.9998 1016.999936 202.99972
Orange 958.000128 644.99972 1022.999552 678.99972
