Orange 0.0 291.20025599999997 60.837888 366.71999999999997
Orange 0.0 163.2 71.084032 271.359744
Orange 0.0 464.64 99.262464 584.960256
Orange 12.808192 282.24 100.542464 335.36025600000005
Orange 24.97536 314.240256 176.109568 489.59999999999997
Orange 47.389696 242.55974399999997 128.079872 314.240256
Orange 60.837888 163.2 95.419392 246.399744
Orange 90.937344 163.2 199.804928 279.680256
Orange 103.104512 458.24025599999993 275.372032 581.1202559999999
Orange 135.123968 314.240256 203.646976 365.439744
Orange 136.404992 275.840256 229.90336 327.03974400000004
Orange 187.63776 318.080256 353.501184 478.08000000000004
Orange 195.96288 179.199744 301.628416 279.680256
Orange 263.204864 267.519744 362.466304 330.879744
Orange 277.93408 449.91974400000004 436.753408 581.1202559999999
Orange 362.466304 291.20025599999997 501.433344 377.600256
Orange 373.353472 263.679744 473.895936 325.760256
Orange 378.476544 238.71974400000002 456.605696 287.36025600000005
Orange 378.476544 322.56 531.531776 470.40000000000003
