Orange 165.99973500000002 801.000448 325.999998 888.999936
Orange 0.0 398.999552 132.999907 515.999744
Orange 0.0 250.000384 169.00015399999998 408.999936
Orange 0.0 78.999552 186.000024 243.999744
Orange 37.000159 696.000512 185.000112 803.00032
Orange 46.000049999999995 798.000128 185.000112 881.000448
Orange 56.999765000000004 604.000256 169.00015399999998 696.000512
Orange 180.99978099999998 684.000256 323.000262 789.999616
Orange 186.000024 590.000128 318.999931 711.000064
Orange 318.999931 705.000448 440.00021100000004 792.000512
Orange 318.999931 798.000128 440.00021100000004 885.999616
Orange 325.000086 579.00032 450.99992599999996 686.000128
Orange 442.00003499999997 787.00032 573.0001179999999 881.000448
Orange 444.999771 673.000448 583.999833 787.00032
Orange 460.999729 593.999872 584.999745 679.000064
Orange 509.00028599999996 206.999552 682.000088 360.999936
Orange 515.99967 355.999744 642.000193 414.999552
Orange 527.0000679999999 74.000384 658.000151 211.999744
