Orange 237.599744 3.9997439999999997 368.799744 110.39999999999999
Orange 0.0 94.400256 115.2 238.400256
Orange 26.399744 0.0 166.4 122.39999999999999
Orange 110.400512 98.39999999999999 243.2 234.399744
Orange 334.399488 98.39999999999999 463.200256 206.39999999999998
Orange 378.399744 5.600256 510.399488 114.399744
Orange 462.399488 85.599744 594.400256 206.39999999999998
Orange 494.399488 0.0 610.400256 86.4
Orange 575.200256 69.6 699.200512 197.600256
Orange 622.400512 0.0 734.400512 85.599744
Orange 691.2 66.399744 815.200256 198.399744
